origin_date,target,horizon,location,output_type,output_type_id,target_end_date,value
2017-12-23,ili perc,1,HHS Region 1,quantile,0.01,2017-12-30,1.1553457099175337
2017-12-23,ili perc,1,HHS Region 1,quantile,0.025,2017-12-30,1.4153364842465652
2017-12-23,ili perc,1,HHS Region 1,quantile,0.05,2017-12-30,1.6144693833214925
2017-12-23,ili perc,1,HHS Region 1,quantile,0.1,2017-12-30,1.7627215740990394
2017-12-23,ili perc,1,HHS Region 1,quantile,0.15,2017-12-30,1.8513751931059275
2017-12-23,ili perc,1,HHS Region 1,quantile,0.2,2017-12-30,1.9219874243697568
2017-12-23,ili perc,1,HHS Region 1,quantile,0.25,2017-12-30,1.9766704408127942
2017-12-23,ili perc,1,HHS Region 1,quantile,0.3,2017-12-30,2.023123167038113
2017-12-23,ili perc,1,HHS Region 1,quantile,0.35,2017-12-30,2.0638624337530165
2017-12-23,ili perc,1,HHS Region 1,quantile,0.4,2017-12-30,2.1090434815747194
2017-12-23,ili perc,1,HHS Region 1,quantile,0.45,2017-12-30,2.1596358184435926
2017-12-23,ili perc,1,HHS Region 1,quantile,0.5,2017-12-30,2.201192521526064
2017-12-23,ili perc,1,HHS Region 1,quantile,0.55,2017-12-30,2.2435430724492824
2017-12-23,ili perc,1,HHS Region 1,quantile,0.6,2017-12-30,2.290048320557491
2017-12-23,ili perc,1,HHS Region 1,quantile,0.65,2017-12-30,2.335094827331749
2017-12-23,ili perc,1,HHS Region 1,quantile,0.7,2017-12-30,2.3971714549199947
2017-12-23,ili perc,1,HHS Region 1,quantile,0.75,2017-12-30,2.4583239743047804
2017-12-23,ili perc,1,HHS Region 1,quantile,0.8,2017-12-30,2.5351744740739095
2017-12-23,ili perc,1,HHS Region 1,quantile,0.85,2017-12-30,2.6123813754079817
2017-12-23,ili perc,1,HHS Region 1,quantile,0.9,2017-12-30,2.8486765376856478
2017-12-23,ili perc,1,HHS Region 1,quantile,0.95,2017-12-30,3.237659410108457
2017-12-23,ili perc,1,HHS Region 1,quantile,0.975,2017-12-30,3.5818745188100527
2017-12-23,ili perc,1,HHS Region 1,quantile,0.99,2017-12-30,4.198876796311023
2017-12-23,ili perc,2,HHS Region 1,quantile,0.01,2018-01-06,1.070849918362037
2017-12-23,ili perc,2,HHS Region 1,quantile,0.025,2018-01-06,1.252423332644321
2017-12-23,ili perc,2,HHS Region 1,quantile,0.05,2018-01-06,1.4414461150200022
2017-12-23,ili perc,2,HHS Region 1,quantile,0.1,2018-01-06,1.6401462310412753
2017-12-23,ili perc,2,HHS Region 1,quantile,0.15,2018-01-06,1.7572351149148628
2017-12-23,ili perc,2,HHS Region 1,quantile,0.2,2018-01-06,1.854243770997117
2017-12-23,ili perc,2,HHS Region 1,quantile,0.25,2018-01-06,1.9437313221112729
2017-12-23,ili perc,2,HHS Region 1,quantile,0.3,2018-01-06,2.0166012261102058
2017-12-23,ili perc,2,HHS Region 1,quantile,0.35,2018-01-06,2.0896106778580092
2017-12-23,ili perc,2,HHS Region 1,quantile,0.4,2018-01-06,2.1606742936395498
2017-12-23,ili perc,2,HHS Region 1,quantile,0.45,2018-01-06,2.2290206139660262
2017-12-23,ili perc,2,HHS Region 1,quantile,0.5,2018-01-06,2.2832670267026614
2017-12-23,ili perc,2,HHS Region 1,quantile,0.55,2018-01-06,2.3562606653436546
2017-12-23,ili perc,2,HHS Region 1,quantile,0.6,2018-01-06,2.4221607913178613
2017-12-23,ili perc,2,HHS Region 1,quantile,0.65,2018-01-06,2.4951730984447096
2017-12-23,ili perc,2,HHS Region 1,quantile,0.7,2018-01-06,2.5618461178790923
2017-12-23,ili perc,2,HHS Region 1,quantile,0.75,2018-01-06,2.6598311374284607
2017-12-23,ili perc,2,HHS Region 1,quantile,0.8,2018-01-06,2.785389238137285
2017-12-23,ili perc,2,HHS Region 1,quantile,0.85,2018-01-06,2.9436020098240068
2017-12-23,ili perc,2,HHS Region 1,quantile,0.9,2018-01-06,3.228840534165457
2017-12-23,ili perc,2,HHS Region 1,quantile,0.95,2018-01-06,3.7130949887933524
2017-12-23,ili perc,2,HHS Region 1,quantile,0.975,2018-01-06,4.145486260881087
2017-12-23,ili perc,2,HHS Region 1,quantile,0.99,2018-01-06,4.773352388200183
2017-12-23,ili perc,3,HHS Region 1,quantile,0.01,2018-01-13,0.9452637320920281
2017-12-23,ili perc,3,HHS Region 1,quantile,0.025,2018-01-13,1.1038809244043002
2017-12-23,ili perc,3,HHS Region 1,quantile,0.05,2018-01-13,1.307649904769691
2017-12-23,ili perc,3,HHS Region 1,quantile,0.1,2018-01-13,1.5297937343756625
2017-12-23,ili perc,3,HHS Region 1,quantile,0.15,2018-01-13,1.678720651039121
2017-12-23,ili perc,3,HHS Region 1,quantile,0.2,2018-01-13,1.795367405764993
2017-12-23,ili perc,3,HHS Region 1,quantile,0.25,2018-01-13,1.8838480916013098
2017-12-23,ili perc,3,HHS Region 1,quantile,0.3,2018-01-13,1.9698585237997208
2017-12-23,ili perc,3,HHS Region 1,quantile,0.35,2018-01-13,2.0493139665152373
2017-12-23,ili perc,3,HHS Region 1,quantile,0.4,2018-01-13,2.1384485886846645
2017-12-23,ili perc,3,HHS Region 1,quantile,0.45,2018-01-13,2.220010794813876
2017-12-23,ili perc,3,HHS Region 1,quantile,0.5,2018-01-13,2.3065922644548302
2017-12-23,ili perc,3,HHS Region 1,quantile,0.55,2018-01-13,2.38707805432738
2017-12-23,ili perc,3,HHS Region 1,quantile,0.6,2018-01-13,2.469520432616375
2017-12-23,ili perc,3,HHS Region 1,quantile,0.65,2018-01-13,2.574201226092525
2017-12-23,ili perc,3,HHS Region 1,quantile,0.7,2018-01-13,2.67111901437533
2017-12-23,ili perc,3,HHS Region 1,quantile,0.75,2018-01-13,2.798117848892985
2017-12-23,ili perc,3,HHS Region 1,quantile,0.8,2018-01-13,2.9459492441142072
2017-12-23,ili perc,3,HHS Region 1,quantile,0.85,2018-01-13,3.1917990380339143
2017-12-23,ili perc,3,HHS Region 1,quantile,0.9,2018-01-13,3.4914750112255617
2017-12-23,ili perc,3,HHS Region 1,quantile,0.95,2018-01-13,3.9959399854073836
2017-12-23,ili perc,3,HHS Region 1,quantile,0.975,2018-01-13,4.758026126405025
2017-12-23,ili perc,3,HHS Region 1,quantile,0.99,2018-01-13,5.376550766599095
2017-12-23,ili perc,4,HHS Region 1,quantile,0.01,2018-01-20,0.9070058175788354
2017-12-23,ili perc,4,HHS Region 1,quantile,0.025,2018-01-20,1.0751285664940695
2017-12-23,ili perc,4,HHS Region 1,quantile,0.05,2018-01-20,1.243535042420603
2017-12-23,ili perc,4,HHS Region 1,quantile,0.1,2018-01-20,1.4814428733037337
2017-12-23,ili perc,4,HHS Region 1,quantile,0.15,2018-01-20,1.6187596330297198
2017-12-23,ili perc,4,HHS Region 1,quantile,0.2,2018-01-20,1.7196586785255856
2017-12-23,ili perc,4,HHS Region 1,quantile,0.25,2018-01-20,1.8267906475561635
2017-12-23,ili perc,4,HHS Region 1,quantile,0.3,2018-01-20,1.9229454806406079
2017-12-23,ili perc,4,HHS Region 1,quantile,0.35,2018-01-20,2.0367284944236927
2017-12-23,ili perc,4,HHS Region 1,quantile,0.4,2018-01-20,2.13236950453538
2017-12-23,ili perc,4,HHS Region 1,quantile,0.45,2018-01-20,2.2261107679222176
2017-12-23,ili perc,4,HHS Region 1,quantile,0.5,2018-01-20,2.337294472526088
2017-12-23,ili perc,4,HHS Region 1,quantile,0.55,2018-01-20,2.4520189908951515
2017-12-23,ili perc,4,HHS Region 1,quantile,0.6,2018-01-20,2.550732743901801
2017-12-23,ili perc,4,HHS Region 1,quantile,0.65,2018-01-20,2.663637496260078
2017-12-23,ili perc,4,HHS Region 1,quantile,0.7,2018-01-20,2.798290128657183
2017-12-23,ili perc,4,HHS Region 1,quantile,0.75,2018-01-20,2.926645726573835
2017-12-23,ili perc,4,HHS Region 1,quantile,0.8,2018-01-20,3.0937421524569584
2017-12-23,ili perc,4,HHS Region 1,quantile,0.85,2018-01-20,3.3120704747738756
2017-12-23,ili perc,4,HHS Region 1,quantile,0.9,2018-01-20,3.6602615721566885
2017-12-23,ili perc,4,HHS Region 1,quantile,0.95,2018-01-20,4.283278450268495
2017-12-23,ili perc,4,HHS Region 1,quantile,0.975,2018-01-20,4.93983318462194
2017-12-23,ili perc,4,HHS Region 1,quantile,0.99,2018-01-20,6.055946901827999
2017-12-23,ili perc,1,HHS Region 10,quantile,0.01,2017-12-30,0.9727357832219442
2017-12-23,ili perc,1,HHS Region 10,quantile,0.025,2017-12-30,1.1762392840386018
2017-12-23,ili perc,1,HHS Region 10,quantile,0.05,2017-12-30,1.2871207546433274
2017-12-23,ili perc,1,HHS Region 10,quantile,0.1,2017-12-30,1.4231041417081765
2017-12-23,ili perc,1,HHS Region 10,quantile,0.15,2017-12-30,1.5437682994489814
2017-12-23,ili perc,1,HHS Region 10,quantile,0.2,2017-12-30,1.6272691214965822
2017-12-23,ili perc,1,HHS Region 10,quantile,0.25,2017-12-30,1.711656239534191
2017-12-23,ili perc,1,HHS Region 10,quantile,0.3,2017-12-30,1.7752001216459563
2017-12-23,ili perc,1,HHS Region 10,quantile,0.35,2017-12-30,1.8286986136057848
2017-12-23,ili perc,1,HHS Region 10,quantile,0.4,2017-12-30,1.9068967508228498
2017-12-23,ili perc,1,HHS Region 10,quantile,0.45,2017-12-30,1.9717458458421966
2017-12-23,ili perc,1,HHS Region 10,quantile,0.5,2017-12-30,2.0392212823327607
2017-12-23,ili perc,1,HHS Region 10,quantile,0.55,2017-12-30,2.091304112429158
2017-12-23,ili perc,1,HHS Region 10,quantile,0.6,2017-12-30,2.169640296324347
2017-12-23,ili perc,1,HHS Region 10,quantile,0.65,2017-12-30,2.248398112505495
2017-12-23,ili perc,1,HHS Region 10,quantile,0.7,2017-12-30,2.3279195664327417
2017-12-23,ili perc,1,HHS Region 10,quantile,0.75,2017-12-30,2.4292693791936295
2017-12-23,ili perc,1,HHS Region 10,quantile,0.8,2017-12-30,2.5251923758001196
2017-12-23,ili perc,1,HHS Region 10,quantile,0.85,2017-12-30,2.66549124900076
2017-12-23,ili perc,1,HHS Region 10,quantile,0.9,2017-12-30,2.8576424494689947
2017-12-23,ili perc,1,HHS Region 10,quantile,0.95,2017-12-30,3.2642485230514025
2017-12-23,ili perc,1,HHS Region 10,quantile,0.975,2017-12-30,3.5973329484978693
2017-12-23,ili perc,1,HHS Region 10,quantile,0.99,2017-12-30,4.5389314482678
2017-12-23,ili perc,2,HHS Region 10,quantile,0.01,2018-01-06,0.7312192621215267
2017-12-23,ili perc,2,HHS Region 10,quantile,0.025,2018-01-06,0.9592036177332253
2017-12-23,ili perc,2,HHS Region 10,quantile,0.05,2018-01-06,1.106513696732452
2017-12-23,ili perc,2,HHS Region 10,quantile,0.1,2018-01-06,1.3158450046280001
2017-12-23,ili perc,2,HHS Region 10,quantile,0.15,2018-01-06,1.442332192846547
2017-12-23,ili perc,2,HHS Region 10,quantile,0.2,2018-01-06,1.5458709756146718
2017-12-23,ili perc,2,HHS Region 10,quantile,0.25,2018-01-06,1.6429500180803558
2017-12-23,ili perc,2,HHS Region 10,quantile,0.3,2018-01-06,1.7086911875558144
2017-12-23,ili perc,2,HHS Region 10,quantile,0.35,2018-01-06,1.7827114830540733
2017-12-23,ili perc,2,HHS Region 10,quantile,0.4,2018-01-06,1.8601805576316435
2017-12-23,ili perc,2,HHS Region 10,quantile,0.45,2018-01-06,1.9350787015841395
2017-12-23,ili perc,2,HHS Region 10,quantile,0.5,2018-01-06,2.0238994839748297
2017-12-23,ili perc,2,HHS Region 10,quantile,0.55,2018-01-06,2.1206316873186215
2017-12-23,ili perc,2,HHS Region 10,quantile,0.6,2018-01-06,2.2091041262577074
2017-12-23,ili perc,2,HHS Region 10,quantile,0.65,2018-01-06,2.3038117080210085
2017-12-23,ili perc,2,HHS Region 10,quantile,0.7,2018-01-06,2.4078639431083384
2017-12-23,ili perc,2,HHS Region 10,quantile,0.75,2018-01-06,2.5140797341964354
2017-12-23,ili perc,2,HHS Region 10,quantile,0.8,2018-01-06,2.6418682627062293
2017-12-23,ili perc,2,HHS Region 10,quantile,0.85,2018-01-06,2.8003449714192072
2017-12-23,ili perc,2,HHS Region 10,quantile,0.9,2018-01-06,3.0697389861634656
2017-12-23,ili perc,2,HHS Region 10,quantile,0.95,2018-01-06,3.5878927769554174
2017-12-23,ili perc,2,HHS Region 10,quantile,0.975,2018-01-06,4.164842167181271
2017-12-23,ili perc,2,HHS Region 10,quantile,0.99,2018-01-06,5.074817135267332
2017-12-23,ili perc,3,HHS Region 10,quantile,0.01,2018-01-13,0.5967872787759777
2017-12-23,ili perc,3,HHS Region 10,quantile,0.025,2018-01-13,0.8204341673301452
2017-12-23,ili perc,3,HHS Region 10,quantile,0.05,2018-01-13,0.9961509438147836
2017-12-23,ili perc,3,HHS Region 10,quantile,0.1,2018-01-13,1.2314224125584898
2017-12-23,ili perc,3,HHS Region 10,quantile,0.15,2018-01-13,1.3950459035129914
2017-12-23,ili perc,3,HHS Region 10,quantile,0.2,2018-01-13,1.5162243927202992
2017-12-23,ili perc,3,HHS Region 10,quantile,0.25,2018-01-13,1.612703074633467
2017-12-23,ili perc,3,HHS Region 10,quantile,0.3,2018-01-13,1.710273595360639
2017-12-23,ili perc,3,HHS Region 10,quantile,0.35,2018-01-13,1.8240877793133876
2017-12-23,ili perc,3,HHS Region 10,quantile,0.4,2018-01-13,1.9194119924111992
2017-12-23,ili perc,3,HHS Region 10,quantile,0.45,2018-01-13,2.0190605809192705
2017-12-23,ili perc,3,HHS Region 10,quantile,0.5,2018-01-13,2.106733115314905
2017-12-23,ili perc,3,HHS Region 10,quantile,0.55,2018-01-13,2.214206453755195
2017-12-23,ili perc,3,HHS Region 10,quantile,0.6,2018-01-13,2.314049050919884
2017-12-23,ili perc,3,HHS Region 10,quantile,0.65,2018-01-13,2.4388446196966593
2017-12-23,ili perc,3,HHS Region 10,quantile,0.7,2018-01-13,2.5551970303589315
2017-12-23,ili perc,3,HHS Region 10,quantile,0.75,2018-01-13,2.703148584963997
2017-12-23,ili perc,3,HHS Region 10,quantile,0.8,2018-01-13,2.8900264840137795
2017-12-23,ili perc,3,HHS Region 10,quantile,0.85,2018-01-13,3.0845408922076496
2017-12-23,ili perc,3,HHS Region 10,quantile,0.9,2018-01-13,3.442508456617062
2017-12-23,ili perc,3,HHS Region 10,quantile,0.95,2018-01-13,4.049753617648927
2017-12-23,ili perc,3,HHS Region 10,quantile,0.975,2018-01-13,4.9473661036918015
2017-12-23,ili perc,3,HHS Region 10,quantile,0.99,2018-01-13,6.637198491583004
2017-12-23,ili perc,4,HHS Region 10,quantile,0.01,2018-01-20,0.5919852851923019
2017-12-23,ili perc,4,HHS Region 10,quantile,0.025,2018-01-20,0.7695340417256855
2017-12-23,ili perc,4,HHS Region 10,quantile,0.05,2018-01-20,0.9471591397586064
2017-12-23,ili perc,4,HHS Region 10,quantile,0.1,2018-01-20,1.2011590036629984
2017-12-23,ili perc,4,HHS Region 10,quantile,0.15,2018-01-20,1.3780471625014554
2017-12-23,ili perc,4,HHS Region 10,quantile,0.2,2018-01-20,1.510797718748997
2017-12-23,ili perc,4,HHS Region 10,quantile,0.25,2018-01-20,1.6447724241306674
2017-12-23,ili perc,4,HHS Region 10,quantile,0.3,2018-01-20,1.7454005419653122
2017-12-23,ili perc,4,HHS Region 10,quantile,0.35,2018-01-20,1.8609595817957556
2017-12-23,ili perc,4,HHS Region 10,quantile,0.4,2018-01-20,1.974819707632463
2017-12-23,ili perc,4,HHS Region 10,quantile,0.45,2018-01-20,2.076425956268331
2017-12-23,ili perc,4,HHS Region 10,quantile,0.5,2018-01-20,2.249015101101437
2017-12-23,ili perc,4,HHS Region 10,quantile,0.55,2018-01-20,2.3611862693028876
2017-12-23,ili perc,4,HHS Region 10,quantile,0.6,2018-01-20,2.4988155464512793
2017-12-23,ili perc,4,HHS Region 10,quantile,0.65,2018-01-20,2.653972085047701
2017-12-23,ili perc,4,HHS Region 10,quantile,0.7,2018-01-20,2.80235337900897
2017-12-23,ili perc,4,HHS Region 10,quantile,0.75,2018-01-20,2.9863491276703487
2017-12-23,ili perc,4,HHS Region 10,quantile,0.8,2018-01-20,3.2050334003424505
2017-12-23,ili perc,4,HHS Region 10,quantile,0.85,2018-01-20,3.5141037268098874
2017-12-23,ili perc,4,HHS Region 10,quantile,0.9,2018-01-20,3.941612905846995
2017-12-23,ili perc,4,HHS Region 10,quantile,0.95,2018-01-20,4.693196524247214
2017-12-23,ili perc,4,HHS Region 10,quantile,0.975,2018-01-20,5.635028277855582
2017-12-23,ili perc,4,HHS Region 10,quantile,0.99,2018-01-20,7.345211416267147
2017-12-23,ili perc,1,HHS Region 2,quantile,0.01,2017-12-30,2.9018700971433105
2017-12-23,ili perc,1,HHS Region 2,quantile,0.025,2017-12-30,3.1108261696798722
2017-12-23,ili perc,1,HHS Region 2,quantile,0.05,2017-12-30,3.368112527606606
2017-12-23,ili perc,1,HHS Region 2,quantile,0.1,2017-12-30,3.5951821670291584
2017-12-23,ili perc,1,HHS Region 2,quantile,0.15,2017-12-30,3.7410536953857316
2017-12-23,ili perc,1,HHS Region 2,quantile,0.2,2017-12-30,3.840598110845516
2017-12-23,ili perc,1,HHS Region 2,quantile,0.25,2017-12-30,3.9328602480055412
2017-12-23,ili perc,1,HHS Region 2,quantile,0.3,2017-12-30,4.0061134464330665
2017-12-23,ili perc,1,HHS Region 2,quantile,0.35,2017-12-30,4.066187152544513
2017-12-23,ili perc,1,HHS Region 2,quantile,0.4,2017-12-30,4.1406964420016115
2017-12-23,ili perc,1,HHS Region 2,quantile,0.45,2017-12-30,4.2027856225197855
2017-12-23,ili perc,1,HHS Region 2,quantile,0.5,2017-12-30,4.267048910739723
2017-12-23,ili perc,1,HHS Region 2,quantile,0.55,2017-12-30,4.352833661485681
2017-12-23,ili perc,1,HHS Region 2,quantile,0.6,2017-12-30,4.479436105887267
2017-12-23,ili perc,1,HHS Region 2,quantile,0.65,2017-12-30,4.52837200374084
2017-12-23,ili perc,1,HHS Region 2,quantile,0.7,2017-12-30,4.600786138775193
2017-12-23,ili perc,1,HHS Region 2,quantile,0.75,2017-12-30,4.704050701462227
2017-12-23,ili perc,1,HHS Region 2,quantile,0.8,2017-12-30,4.793656473505479
2017-12-23,ili perc,1,HHS Region 2,quantile,0.85,2017-12-30,4.909256653509655
2017-12-23,ili perc,1,HHS Region 2,quantile,0.9,2017-12-30,5.0694553150694075
2017-12-23,ili perc,1,HHS Region 2,quantile,0.95,2017-12-30,5.388243461842494
2017-12-23,ili perc,1,HHS Region 2,quantile,0.975,2017-12-30,5.854294717707986
2017-12-23,ili perc,1,HHS Region 2,quantile,0.99,2017-12-30,6.182685247806272
2017-12-23,ili perc,2,HHS Region 2,quantile,0.01,2018-01-06,2.4690417272138845
2017-12-23,ili perc,2,HHS Region 2,quantile,0.025,2018-01-06,2.7193601774365685
2017-12-23,ili perc,2,HHS Region 2,quantile,0.05,2018-01-06,2.967826498641922
2017-12-23,ili perc,2,HHS Region 2,quantile,0.1,2018-01-06,3.262573022748279
2017-12-23,ili perc,2,HHS Region 2,quantile,0.15,2018-01-06,3.4385088695263835
2017-12-23,ili perc,2,HHS Region 2,quantile,0.2,2018-01-06,3.5835287353530756
2017-12-23,ili perc,2,HHS Region 2,quantile,0.25,2018-01-06,3.7110238878508937
2017-12-23,ili perc,2,HHS Region 2,quantile,0.3,2018-01-06,3.8233992212376866
2017-12-23,ili perc,2,HHS Region 2,quantile,0.35,2018-01-06,3.920836602631011
2017-12-23,ili perc,2,HHS Region 2,quantile,0.4,2018-01-06,4.012467433991557
2017-12-23,ili perc,2,HHS Region 2,quantile,0.45,2018-01-06,4.103112608247231
2017-12-23,ili perc,2,HHS Region 2,quantile,0.5,2018-01-06,4.189565861569735
2017-12-23,ili perc,2,HHS Region 2,quantile,0.55,2018-01-06,4.3293808763130865
2017-12-23,ili perc,2,HHS Region 2,quantile,0.6,2018-01-06,4.428421450828194
2017-12-23,ili perc,2,HHS Region 2,quantile,0.65,2018-01-06,4.533446266974889
2017-12-23,ili perc,2,HHS Region 2,quantile,0.7,2018-01-06,4.64157069121939
2017-12-23,ili perc,2,HHS Region 2,quantile,0.75,2018-01-06,4.774418061980187
2017-12-23,ili perc,2,HHS Region 2,quantile,0.8,2018-01-06,4.948659163685537
2017-12-23,ili perc,2,HHS Region 2,quantile,0.85,2018-01-06,5.108466845425679
2017-12-23,ili perc,2,HHS Region 2,quantile,0.9,2018-01-06,5.404200315359641
2017-12-23,ili perc,2,HHS Region 2,quantile,0.95,2018-01-06,5.906153654010895
2017-12-23,ili perc,2,HHS Region 2,quantile,0.975,2018-01-06,6.307379804264802
2017-12-23,ili perc,2,HHS Region 2,quantile,0.99,2018-01-06,6.845368064301596
2017-12-23,ili perc,3,HHS Region 2,quantile,0.01,2018-01-13,2.2393897345238734
2017-12-23,ili perc,3,HHS Region 2,quantile,0.025,2018-01-13,2.5208799729187796
2017-12-23,ili perc,3,HHS Region 2,quantile,0.05,2018-01-13,2.7345220171331053
2017-12-23,ili perc,3,HHS Region 2,quantile,0.1,2018-01-13,3.076164254206723
2017-12-23,ili perc,3,HHS Region 2,quantile,0.15,2018-01-13,3.300887634023079
2017-12-23,ili perc,3,HHS Region 2,quantile,0.2,2018-01-13,3.464051533218414
2017-12-23,ili perc,3,HHS Region 2,quantile,0.25,2018-01-13,3.631821141449205
2017-12-23,ili perc,3,HHS Region 2,quantile,0.3,2018-01-13,3.7694501318735694
2017-12-23,ili perc,3,HHS Region 2,quantile,0.35,2018-01-13,3.9108633716471926
2017-12-23,ili perc,3,HHS Region 2,quantile,0.4,2018-01-13,4.023848359149177
2017-12-23,ili perc,3,HHS Region 2,quantile,0.45,2018-01-13,4.135303048131415
2017-12-23,ili perc,3,HHS Region 2,quantile,0.5,2018-01-13,4.250112682596296
2017-12-23,ili perc,3,HHS Region 2,quantile,0.55,2018-01-13,4.371360780174668
2017-12-23,ili perc,3,HHS Region 2,quantile,0.6,2018-01-13,4.499047136299546
2017-12-23,ili perc,3,HHS Region 2,quantile,0.65,2018-01-13,4.6577438469673504
2017-12-23,ili perc,3,HHS Region 2,quantile,0.7,2018-01-13,4.828775321209661
2017-12-23,ili perc,3,HHS Region 2,quantile,0.75,2018-01-13,4.997318325738875
2017-12-23,ili perc,3,HHS Region 2,quantile,0.8,2018-01-13,5.17754226059516
2017-12-23,ili perc,3,HHS Region 2,quantile,0.85,2018-01-13,5.451448233693493
2017-12-23,ili perc,3,HHS Region 2,quantile,0.9,2018-01-13,5.764252091320709
2017-12-23,ili perc,3,HHS Region 2,quantile,0.95,2018-01-13,6.271647835965504
2017-12-23,ili perc,3,HHS Region 2,quantile,0.975,2018-01-13,6.779910346598732
2017-12-23,ili perc,3,HHS Region 2,quantile,0.99,2018-01-13,7.420550140161759
2017-12-23,ili perc,4,HHS Region 2,quantile,0.01,2018-01-20,1.9581029837305894
2017-12-23,ili perc,4,HHS Region 2,quantile,0.025,2018-01-20,2.2429889706233523
2017-12-23,ili perc,4,HHS Region 2,quantile,0.05,2018-01-20,2.520790104131861
2017-12-23,ili perc,4,HHS Region 2,quantile,0.1,2018-01-20,2.941286043779788
2017-12-23,ili perc,4,HHS Region 2,quantile,0.15,2018-01-20,3.1863699385822333
2017-12-23,ili perc,4,HHS Region 2,quantile,0.2,2018-01-20,3.3473741678729496
2017-12-23,ili perc,4,HHS Region 2,quantile,0.25,2018-01-20,3.5099596764235836
2017-12-23,ili perc,4,HHS Region 2,quantile,0.3,2018-01-20,3.652358845576202
2017-12-23,ili perc,4,HHS Region 2,quantile,0.35,2018-01-20,3.803501614951576
2017-12-23,ili perc,4,HHS Region 2,quantile,0.4,2018-01-20,3.936108504275015
2017-12-23,ili perc,4,HHS Region 2,quantile,0.45,2018-01-20,4.07592069925606
2017-12-23,ili perc,4,HHS Region 2,quantile,0.5,2018-01-20,4.222918919330388
2017-12-23,ili perc,4,HHS Region 2,quantile,0.55,2018-01-20,4.347345166656553
2017-12-23,ili perc,4,HHS Region 2,quantile,0.6,2018-01-20,4.505398465641845
2017-12-23,ili perc,4,HHS Region 2,quantile,0.65,2018-01-20,4.666031621978625
2017-12-23,ili perc,4,HHS Region 2,quantile,0.7,2018-01-20,4.835672626928618
2017-12-23,ili perc,4,HHS Region 2,quantile,0.75,2018-01-20,5.014879703927745
2017-12-23,ili perc,4,HHS Region 2,quantile,0.8,2018-01-20,5.280175580570604
2017-12-23,ili perc,4,HHS Region 2,quantile,0.85,2018-01-20,5.543605351270343
2017-12-23,ili perc,4,HHS Region 2,quantile,0.9,2018-01-20,5.896285063545279
2017-12-23,ili perc,4,HHS Region 2,quantile,0.95,2018-01-20,6.4337459582081395
2017-12-23,ili perc,4,HHS Region 2,quantile,0.975,2018-01-20,7.082865151245345
2017-12-23,ili perc,4,HHS Region 2,quantile,0.99,2018-01-20,7.86439675057314
2017-12-23,ili perc,1,HHS Region 3,quantile,0.01,2017-12-30,1.5170063724674943
2017-12-23,ili perc,1,HHS Region 3,quantile,0.025,2017-12-30,1.6210774014077138
2017-12-23,ili perc,1,HHS Region 3,quantile,0.05,2017-12-30,1.737047743085041
2017-12-23,ili perc,1,HHS Region 3,quantile,0.1,2017-12-30,1.9028476596265522
2017-12-23,ili perc,1,HHS Region 3,quantile,0.15,2017-12-30,1.9801533167481382
2017-12-23,ili perc,1,HHS Region 3,quantile,0.2,2017-12-30,2.046924100907612
2017-12-23,ili perc,1,HHS Region 3,quantile,0.25,2017-12-30,2.089937494728033
2017-12-23,ili perc,1,HHS Region 3,quantile,0.3,2017-12-30,2.134625096678023
2017-12-23,ili perc,1,HHS Region 3,quantile,0.35,2017-12-30,2.1750926061081794
2017-12-23,ili perc,1,HHS Region 3,quantile,0.4,2017-12-30,2.2187680988544076
2017-12-23,ili perc,1,HHS Region 3,quantile,0.45,2017-12-30,2.271600075903381
2017-12-23,ili perc,1,HHS Region 3,quantile,0.5,2017-12-30,2.3170243127554078
2017-12-23,ili perc,1,HHS Region 3,quantile,0.55,2017-12-30,2.362679961737716
2017-12-23,ili perc,1,HHS Region 3,quantile,0.6,2017-12-30,2.397866486150508
2017-12-23,ili perc,1,HHS Region 3,quantile,0.65,2017-12-30,2.4511825484258254
2017-12-23,ili perc,1,HHS Region 3,quantile,0.7,2017-12-30,2.504168309971435
2017-12-23,ili perc,1,HHS Region 3,quantile,0.75,2017-12-30,2.5680283966704747
2017-12-23,ili perc,1,HHS Region 3,quantile,0.8,2017-12-30,2.777611207074029
2017-12-23,ili perc,1,HHS Region 3,quantile,0.85,2017-12-30,2.895675461982948
2017-12-23,ili perc,1,HHS Region 3,quantile,0.9,2017-12-30,3.0313581633245508
2017-12-23,ili perc,1,HHS Region 3,quantile,0.95,2017-12-30,3.264205677076936
2017-12-23,ili perc,1,HHS Region 3,quantile,0.975,2017-12-30,3.582476603710711
2017-12-23,ili perc,1,HHS Region 3,quantile,0.99,2017-12-30,3.865584659818212
2017-12-23,ili perc,2,HHS Region 3,quantile,0.01,2018-01-06,1.3497446119966214
2017-12-23,ili perc,2,HHS Region 3,quantile,0.025,2018-01-06,1.4808510619618487
2017-12-23,ili perc,2,HHS Region 3,quantile,0.05,2018-01-06,1.6011065754608296
2017-12-23,ili perc,2,HHS Region 3,quantile,0.1,2018-01-06,1.7407778141642691
2017-12-23,ili perc,2,HHS Region 3,quantile,0.15,2018-01-06,1.8409607330721136
2017-12-23,ili perc,2,HHS Region 3,quantile,0.2,2018-01-06,1.9288445264669833
2017-12-23,ili perc,2,HHS Region 3,quantile,0.25,2018-01-06,1.9925602594934217
2017-12-23,ili perc,2,HHS Region 3,quantile,0.3,2018-01-06,2.0451936343945984
2017-12-23,ili perc,2,HHS Region 3,quantile,0.35,2018-01-06,2.107876378942376
2017-12-23,ili perc,2,HHS Region 3,quantile,0.4,2018-01-06,2.1605606867503724
2017-12-23,ili perc,2,HHS Region 3,quantile,0.45,2018-01-06,2.213637843882204
2017-12-23,ili perc,2,HHS Region 3,quantile,0.5,2018-01-06,2.284124714008387
2017-12-23,ili perc,2,HHS Region 3,quantile,0.55,2018-01-06,2.3376213916296273
2017-12-23,ili perc,2,HHS Region 3,quantile,0.6,2018-01-06,2.414601562950084
2017-12-23,ili perc,2,HHS Region 3,quantile,0.65,2018-01-06,2.477629414159832
2017-12-23,ili perc,2,HHS Region 3,quantile,0.7,2018-01-06,2.5513693140030425
2017-12-23,ili perc,2,HHS Region 3,quantile,0.75,2018-01-06,2.6439783746246275
2017-12-23,ili perc,2,HHS Region 3,quantile,0.8,2018-01-06,2.8067495218935705
2017-12-23,ili perc,2,HHS Region 3,quantile,0.85,2018-01-06,2.965944128961229
2017-12-23,ili perc,2,HHS Region 3,quantile,0.9,2018-01-06,3.1288576956556686
2017-12-23,ili perc,2,HHS Region 3,quantile,0.95,2018-01-06,3.540837019861953
2017-12-23,ili perc,2,HHS Region 3,quantile,0.975,2018-01-06,3.8780361923728073
2017-12-23,ili perc,2,HHS Region 3,quantile,0.99,2018-01-06,4.368147761032659
2017-12-23,ili perc,3,HHS Region 3,quantile,0.01,2018-01-13,1.2913098404529793
2017-12-23,ili perc,3,HHS Region 3,quantile,0.025,2018-01-13,1.437116905466106
2017-12-23,ili perc,3,HHS Region 3,quantile,0.05,2018-01-13,1.5649911590630312
2017-12-23,ili perc,3,HHS Region 3,quantile,0.1,2018-01-13,1.7110983765421859
2017-12-23,ili perc,3,HHS Region 3,quantile,0.15,2018-01-13,1.8224051439240225
2017-12-23,ili perc,3,HHS Region 3,quantile,0.2,2018-01-13,1.9076510555776516
2017-12-23,ili perc,3,HHS Region 3,quantile,0.25,2018-01-13,2.0027134538986706
2017-12-23,ili perc,3,HHS Region 3,quantile,0.3,2018-01-13,2.0860839623409513
2017-12-23,ili perc,3,HHS Region 3,quantile,0.35,2018-01-13,2.15813921245612
2017-12-23,ili perc,3,HHS Region 3,quantile,0.4,2018-01-13,2.2143748026775034
2017-12-23,ili perc,3,HHS Region 3,quantile,0.45,2018-01-13,2.2842712672027945
2017-12-23,ili perc,3,HHS Region 3,quantile,0.5,2018-01-13,2.374555789522111
2017-12-23,ili perc,3,HHS Region 3,quantile,0.55,2018-01-13,2.441977743177647
2017-12-23,ili perc,3,HHS Region 3,quantile,0.6,2018-01-13,2.5298190928323177
2017-12-23,ili perc,3,HHS Region 3,quantile,0.65,2018-01-13,2.6194023365485903
2017-12-23,ili perc,3,HHS Region 3,quantile,0.7,2018-01-13,2.7188815722633715
2017-12-23,ili perc,3,HHS Region 3,quantile,0.75,2018-01-13,2.857332564839532
2017-12-23,ili perc,3,HHS Region 3,quantile,0.8,2018-01-13,2.9951754293302515
2017-12-23,ili perc,3,HHS Region 3,quantile,0.85,2018-01-13,3.134418983732158
2017-12-23,ili perc,3,HHS Region 3,quantile,0.9,2018-01-13,3.4147583593056767
2017-12-23,ili perc,3,HHS Region 3,quantile,0.95,2018-01-13,3.806916582307393
2017-12-23,ili perc,3,HHS Region 3,quantile,0.975,2018-01-13,4.184123797261099
2017-12-23,ili perc,3,HHS Region 3,quantile,0.99,2018-01-13,4.676645674794361
2017-12-23,ili perc,4,HHS Region 3,quantile,0.01,2018-01-20,1.1914934996965827
2017-12-23,ili perc,4,HHS Region 3,quantile,0.025,2018-01-20,1.358645791512366
2017-12-23,ili perc,4,HHS Region 3,quantile,0.05,2018-01-20,1.5076209461730694
2017-12-23,ili perc,4,HHS Region 3,quantile,0.1,2018-01-20,1.6616235931671977
2017-12-23,ili perc,4,HHS Region 3,quantile,0.15,2018-01-20,1.7847753984592993
2017-12-23,ili perc,4,HHS Region 3,quantile,0.2,2018-01-20,1.8890672193126572
2017-12-23,ili perc,4,HHS Region 3,quantile,0.25,2018-01-20,1.9884979166331556
2017-12-23,ili perc,4,HHS Region 3,quantile,0.3,2018-01-20,2.0872697619712266
2017-12-23,ili perc,4,HHS Region 3,quantile,0.35,2018-01-20,2.173283552719648
2017-12-23,ili perc,4,HHS Region 3,quantile,0.4,2018-01-20,2.256206799202641
2017-12-23,ili perc,4,HHS Region 3,quantile,0.45,2018-01-20,2.356789937176967
2017-12-23,ili perc,4,HHS Region 3,quantile,0.5,2018-01-20,2.4382966205657217
2017-12-23,ili perc,4,HHS Region 3,quantile,0.55,2018-01-20,2.5327025061296284
2017-12-23,ili perc,4,HHS Region 3,quantile,0.6,2018-01-20,2.6255334225358165
2017-12-23,ili perc,4,HHS Region 3,quantile,0.65,2018-01-20,2.738552860561117
2017-12-23,ili perc,4,HHS Region 3,quantile,0.7,2018-01-20,2.8586773523030407
2017-12-23,ili perc,4,HHS Region 3,quantile,0.75,2018-01-20,2.994380256197841
2017-12-23,ili perc,4,HHS Region 3,quantile,0.8,2018-01-20,3.1593677602739474
2017-12-23,ili perc,4,HHS Region 3,quantile,0.85,2018-01-20,3.354737803846961
2017-12-23,ili perc,4,HHS Region 3,quantile,0.9,2018-01-20,3.59926713511918
2017-12-23,ili perc,4,HHS Region 3,quantile,0.95,2018-01-20,4.13709172881909
2017-12-23,ili perc,4,HHS Region 3,quantile,0.975,2018-01-20,4.591764122095503
2017-12-23,ili perc,4,HHS Region 3,quantile,0.99,2018-01-20,5.221281998404906
2017-12-23,ili perc,1,HHS Region 4,quantile,0.01,2017-12-30,3.2196017109165838
2017-12-23,ili perc,1,HHS Region 4,quantile,0.025,2017-12-30,3.460703252604176
2017-12-23,ili perc,1,HHS Region 4,quantile,0.05,2017-12-30,3.6927166519127077
2017-12-23,ili perc,1,HHS Region 4,quantile,0.1,2017-12-30,3.9000757265627746
2017-12-23,ili perc,1,HHS Region 4,quantile,0.15,2017-12-30,4.0797328749578545
2017-12-23,ili perc,1,HHS Region 4,quantile,0.2,2017-12-30,4.209574974536359
2017-12-23,ili perc,1,HHS Region 4,quantile,0.25,2017-12-30,4.324251918617581
2017-12-23,ili perc,1,HHS Region 4,quantile,0.3,2017-12-30,4.427408470362937
2017-12-23,ili perc,1,HHS Region 4,quantile,0.35,2017-12-30,4.497183955258583
2017-12-23,ili perc,1,HHS Region 4,quantile,0.4,2017-12-30,4.594042231925383
2017-12-23,ili perc,1,HHS Region 4,quantile,0.45,2017-12-30,4.697492542926194
2017-12-23,ili perc,1,HHS Region 4,quantile,0.5,2017-12-30,4.777260538943888
2017-12-23,ili perc,1,HHS Region 4,quantile,0.55,2017-12-30,4.899933323818237
2017-12-23,ili perc,1,HHS Region 4,quantile,0.6,2017-12-30,5.0124562566804745
2017-12-23,ili perc,1,HHS Region 4,quantile,0.65,2017-12-30,5.1324637875620684
2017-12-23,ili perc,1,HHS Region 4,quantile,0.7,2017-12-30,5.210610752708624
2017-12-23,ili perc,1,HHS Region 4,quantile,0.75,2017-12-30,5.3405895936564
2017-12-23,ili perc,1,HHS Region 4,quantile,0.8,2017-12-30,5.487370494557388
2017-12-23,ili perc,1,HHS Region 4,quantile,0.85,2017-12-30,5.715900983061919
2017-12-23,ili perc,1,HHS Region 4,quantile,0.9,2017-12-30,6.00975088254042
2017-12-23,ili perc,1,HHS Region 4,quantile,0.95,2017-12-30,6.4196815794010895
2017-12-23,ili perc,1,HHS Region 4,quantile,0.975,2017-12-30,6.806103711210001
2017-12-23,ili perc,1,HHS Region 4,quantile,0.99,2017-12-30,7.483321046218316
2017-12-23,ili perc,2,HHS Region 4,quantile,0.01,2018-01-06,2.640315956301488
2017-12-23,ili perc,2,HHS Region 4,quantile,0.025,2018-01-06,2.9493220576903925
2017-12-23,ili perc,2,HHS Region 4,quantile,0.05,2018-01-06,3.187048669007244
2017-12-23,ili perc,2,HHS Region 4,quantile,0.1,2018-01-06,3.5138123197551714
2017-12-23,ili perc,2,HHS Region 4,quantile,0.15,2018-01-06,3.7532381138656814
2017-12-23,ili perc,2,HHS Region 4,quantile,0.2,2018-01-06,3.9534673240314784
2017-12-23,ili perc,2,HHS Region 4,quantile,0.25,2018-01-06,4.131439043187947
2017-12-23,ili perc,2,HHS Region 4,quantile,0.3,2018-01-06,4.271664051710653
2017-12-23,ili perc,2,HHS Region 4,quantile,0.35,2018-01-06,4.409813034547657
2017-12-23,ili perc,2,HHS Region 4,quantile,0.4,2018-01-06,4.518047015812841
2017-12-23,ili perc,2,HHS Region 4,quantile,0.45,2018-01-06,4.657630028586899
2017-12-23,ili perc,2,HHS Region 4,quantile,0.5,2018-01-06,4.798444279421632
2017-12-23,ili perc,2,HHS Region 4,quantile,0.55,2018-01-06,4.935344530812106
2017-12-23,ili perc,2,HHS Region 4,quantile,0.6,2018-01-06,5.14066761738366
2017-12-23,ili perc,2,HHS Region 4,quantile,0.65,2018-01-06,5.308082342832592
2017-12-23,ili perc,2,HHS Region 4,quantile,0.7,2018-01-06,5.486008680023333
2017-12-23,ili perc,2,HHS Region 4,quantile,0.75,2018-01-06,5.683639681334018
2017-12-23,ili perc,2,HHS Region 4,quantile,0.8,2018-01-06,5.968096409703547
2017-12-23,ili perc,2,HHS Region 4,quantile,0.85,2018-01-06,6.26604250504137
2017-12-23,ili perc,2,HHS Region 4,quantile,0.9,2018-01-06,6.720923345920534
2017-12-23,ili perc,2,HHS Region 4,quantile,0.95,2018-01-06,7.398383469948176
2017-12-23,ili perc,2,HHS Region 4,quantile,0.975,2018-01-06,8.05935306195926
2017-12-23,ili perc,2,HHS Region 4,quantile,0.99,2018-01-06,9.206433099369752
2017-12-23,ili perc,3,HHS Region 4,quantile,0.01,2018-01-13,2.297236522536823
2017-12-23,ili perc,3,HHS Region 4,quantile,0.025,2018-01-13,2.6174684070459833
2017-12-23,ili perc,3,HHS Region 4,quantile,0.05,2018-01-13,2.8981181357959582
2017-12-23,ili perc,3,HHS Region 4,quantile,0.1,2018-01-13,3.2477084988173313
2017-12-23,ili perc,3,HHS Region 4,quantile,0.15,2018-01-13,3.518934443908692
2017-12-23,ili perc,3,HHS Region 4,quantile,0.2,2018-01-13,3.750123897238557
2017-12-23,ili perc,3,HHS Region 4,quantile,0.25,2018-01-13,3.978104878234859
2017-12-23,ili perc,3,HHS Region 4,quantile,0.3,2018-01-13,4.143827553694905
2017-12-23,ili perc,3,HHS Region 4,quantile,0.35,2018-01-13,4.319968303383557
2017-12-23,ili perc,3,HHS Region 4,quantile,0.4,2018-01-13,4.505787512970288
2017-12-23,ili perc,3,HHS Region 4,quantile,0.45,2018-01-13,4.682489012201397
2017-12-23,ili perc,3,HHS Region 4,quantile,0.5,2018-01-13,4.873825147472404
2017-12-23,ili perc,3,HHS Region 4,quantile,0.55,2018-01-13,5.073855673976592
2017-12-23,ili perc,3,HHS Region 4,quantile,0.6,2018-01-13,5.306408442232249
2017-12-23,ili perc,3,HHS Region 4,quantile,0.65,2018-01-13,5.543413602806881
2017-12-23,ili perc,3,HHS Region 4,quantile,0.7,2018-01-13,5.790515122857923
2017-12-23,ili perc,3,HHS Region 4,quantile,0.75,2018-01-13,6.063039799247293
2017-12-23,ili perc,3,HHS Region 4,quantile,0.8,2018-01-13,6.3736074529113305
2017-12-23,ili perc,3,HHS Region 4,quantile,0.85,2018-01-13,6.845511795854762
2017-12-23,ili perc,3,HHS Region 4,quantile,0.9,2018-01-13,7.386972383993133
2017-12-23,ili perc,3,HHS Region 4,quantile,0.95,2018-01-13,8.3815193479738
2017-12-23,ili perc,3,HHS Region 4,quantile,0.975,2018-01-13,9.519198418435506
2017-12-23,ili perc,3,HHS Region 4,quantile,0.99,2018-01-13,11.122630624137344
2017-12-23,ili perc,4,HHS Region 4,quantile,0.01,2018-01-20,2.07939666150627
2017-12-23,ili perc,4,HHS Region 4,quantile,0.025,2018-01-20,2.415007659726714
2017-12-23,ili perc,4,HHS Region 4,quantile,0.05,2018-01-20,2.7305718926872213
2017-12-23,ili perc,4,HHS Region 4,quantile,0.1,2018-01-20,3.121003485769843
2017-12-23,ili perc,4,HHS Region 4,quantile,0.15,2018-01-20,3.410301460971996
2017-12-23,ili perc,4,HHS Region 4,quantile,0.2,2018-01-20,3.644826193407574
2017-12-23,ili perc,4,HHS Region 4,quantile,0.25,2018-01-20,3.8644485070946533
2017-12-23,ili perc,4,HHS Region 4,quantile,0.3,2018-01-20,4.0734413046689095
2017-12-23,ili perc,4,HHS Region 4,quantile,0.35,2018-01-20,4.306627975875562
2017-12-23,ili perc,4,HHS Region 4,quantile,0.4,2018-01-20,4.530070437309579
2017-12-23,ili perc,4,HHS Region 4,quantile,0.45,2018-01-20,4.7253074605441965
2017-12-23,ili perc,4,HHS Region 4,quantile,0.5,2018-01-20,4.968353136303303
2017-12-23,ili perc,4,HHS Region 4,quantile,0.55,2018-01-20,5.193547974618224
2017-12-23,ili perc,4,HHS Region 4,quantile,0.6,2018-01-20,5.44492628066655
2017-12-23,ili perc,4,HHS Region 4,quantile,0.65,2018-01-20,5.74797058317795
2017-12-23,ili perc,4,HHS Region 4,quantile,0.7,2018-01-20,6.020507649349772
2017-12-23,ili perc,4,HHS Region 4,quantile,0.75,2018-01-20,6.423268778283823
2017-12-23,ili perc,4,HHS Region 4,quantile,0.8,2018-01-20,6.867648507416354
2017-12-23,ili perc,4,HHS Region 4,quantile,0.85,2018-01-20,7.417371326442356
2017-12-23,ili perc,4,HHS Region 4,quantile,0.9,2018-01-20,8.153514264063638
2017-12-23,ili perc,4,HHS Region 4,quantile,0.95,2018-01-20,9.514805943888687
2017-12-23,ili perc,4,HHS Region 4,quantile,0.975,2018-01-20,10.705588624298267
2017-12-23,ili perc,4,HHS Region 4,quantile,0.99,2018-01-20,12.561938631142585
2017-12-23,ili perc,1,HHS Region 5,quantile,0.01,2017-12-30,2.3773168154467452
2017-12-23,ili perc,1,HHS Region 5,quantile,0.025,2017-12-30,2.513929420475524
2017-12-23,ili perc,1,HHS Region 5,quantile,0.05,2017-12-30,2.6624031371619736
2017-12-23,ili perc,1,HHS Region 5,quantile,0.1,2017-12-30,2.8477562309357847
2017-12-23,ili perc,1,HHS Region 5,quantile,0.15,2017-12-30,2.9399430069717067
2017-12-23,ili perc,1,HHS Region 5,quantile,0.2,2017-12-30,2.9976289847458975
2017-12-23,ili perc,1,HHS Region 5,quantile,0.25,2017-12-30,3.0720793506688726
2017-12-23,ili perc,1,HHS Region 5,quantile,0.3,2017-12-30,3.12312476621407
2017-12-23,ili perc,1,HHS Region 5,quantile,0.35,2017-12-30,3.17374951901952
2017-12-23,ili perc,1,HHS Region 5,quantile,0.4,2017-12-30,3.2160278471710275
2017-12-23,ili perc,1,HHS Region 5,quantile,0.45,2017-12-30,3.2642528860265174
2017-12-23,ili perc,1,HHS Region 5,quantile,0.5,2017-12-30,3.3250918459454053
2017-12-23,ili perc,1,HHS Region 5,quantile,0.55,2017-12-30,3.3601896978960726
2017-12-23,ili perc,1,HHS Region 5,quantile,0.6,2017-12-30,3.403170888251371
2017-12-23,ili perc,1,HHS Region 5,quantile,0.65,2017-12-30,3.455320987706688
2017-12-23,ili perc,1,HHS Region 5,quantile,0.7,2017-12-30,3.5250214354956344
2017-12-23,ili perc,1,HHS Region 5,quantile,0.75,2017-12-30,3.6288933949127835
2017-12-23,ili perc,1,HHS Region 5,quantile,0.8,2017-12-30,3.8068092045890896
2017-12-23,ili perc,1,HHS Region 5,quantile,0.85,2017-12-30,3.9048961155329027
2017-12-23,ili perc,1,HHS Region 5,quantile,0.9,2017-12-30,4.074512749454933
2017-12-23,ili perc,1,HHS Region 5,quantile,0.95,2017-12-30,4.45652049106947
2017-12-23,ili perc,1,HHS Region 5,quantile,0.975,2017-12-30,4.754090883495061
2017-12-23,ili perc,1,HHS Region 5,quantile,0.99,2017-12-30,5.370335345913941
2017-12-23,ili perc,2,HHS Region 5,quantile,0.01,2018-01-06,2.1614181000503714
2017-12-23,ili perc,2,HHS Region 5,quantile,0.025,2018-01-06,2.3897628761917926
2017-12-23,ili perc,2,HHS Region 5,quantile,0.05,2018-01-06,2.538398081002467
2017-12-23,ili perc,2,HHS Region 5,quantile,0.1,2018-01-06,2.7619967360839714
2017-12-23,ili perc,2,HHS Region 5,quantile,0.15,2018-01-06,2.899303657507958
2017-12-23,ili perc,2,HHS Region 5,quantile,0.2,2018-01-06,2.9946499082157945
2017-12-23,ili perc,2,HHS Region 5,quantile,0.25,2018-01-06,3.0809891062155965
2017-12-23,ili perc,2,HHS Region 5,quantile,0.3,2018-01-06,3.168619374217238
2017-12-23,ili perc,2,HHS Region 5,quantile,0.35,2018-01-06,3.2440410816216305
2017-12-23,ili perc,2,HHS Region 5,quantile,0.4,2018-01-06,3.3311238415573214
2017-12-23,ili perc,2,HHS Region 5,quantile,0.45,2018-01-06,3.395493582595004
2017-12-23,ili perc,2,HHS Region 5,quantile,0.5,2018-01-06,3.459043759837577
2017-12-23,ili perc,2,HHS Region 5,quantile,0.55,2018-01-06,3.5316874304007277
2017-12-23,ili perc,2,HHS Region 5,quantile,0.6,2018-01-06,3.602022271126156
2017-12-23,ili perc,2,HHS Region 5,quantile,0.65,2018-01-06,3.66780059295202
2017-12-23,ili perc,2,HHS Region 5,quantile,0.7,2018-01-06,3.7672126994202046
2017-12-23,ili perc,2,HHS Region 5,quantile,0.75,2018-01-06,3.9184066681888656
2017-12-23,ili perc,2,HHS Region 5,quantile,0.8,2018-01-06,4.022866576199163
2017-12-23,ili perc,2,HHS Region 5,quantile,0.85,2018-01-06,4.224333552868658
2017-12-23,ili perc,2,HHS Region 5,quantile,0.9,2018-01-06,4.451342962239184
2017-12-23,ili perc,2,HHS Region 5,quantile,0.95,2018-01-06,4.867348396495689
2017-12-23,ili perc,2,HHS Region 5,quantile,0.975,2018-01-06,5.284133069569334
2017-12-23,ili perc,2,HHS Region 5,quantile,0.99,2018-01-06,6.11791290281418
2017-12-23,ili perc,3,HHS Region 5,quantile,0.01,2018-01-13,2.0249261905656906
2017-12-23,ili perc,3,HHS Region 5,quantile,0.025,2018-01-13,2.2831083329074806
2017-12-23,ili perc,3,HHS Region 5,quantile,0.05,2018-01-13,2.4850256017240713
2017-12-23,ili perc,3,HHS Region 5,quantile,0.1,2018-01-13,2.7184181392596267
2017-12-23,ili perc,3,HHS Region 5,quantile,0.15,2018-01-13,2.870432414416743
2017-12-23,ili perc,3,HHS Region 5,quantile,0.2,2018-01-13,3.0061072187159334
2017-12-23,ili perc,3,HHS Region 5,quantile,0.25,2018-01-13,3.1262213754680643
2017-12-23,ili perc,3,HHS Region 5,quantile,0.3,2018-01-13,3.263107528744975
2017-12-23,ili perc,3,HHS Region 5,quantile,0.35,2018-01-13,3.365477688916709
2017-12-23,ili perc,3,HHS Region 5,quantile,0.4,2018-01-13,3.4598930643925905
2017-12-23,ili perc,3,HHS Region 5,quantile,0.45,2018-01-13,3.548359355074908
2017-12-23,ili perc,3,HHS Region 5,quantile,0.5,2018-01-13,3.6434590099023643
2017-12-23,ili perc,3,HHS Region 5,quantile,0.55,2018-01-13,3.725654384423379
2017-12-23,ili perc,3,HHS Region 5,quantile,0.6,2018-01-13,3.8200530109929622
2017-12-23,ili perc,3,HHS Region 5,quantile,0.65,2018-01-13,3.9207177249145087
2017-12-23,ili perc,3,HHS Region 5,quantile,0.7,2018-01-13,4.049182164731956
2017-12-23,ili perc,3,HHS Region 5,quantile,0.75,2018-01-13,4.194888539364392
2017-12-23,ili perc,3,HHS Region 5,quantile,0.8,2018-01-13,4.356497502637692
2017-12-23,ili perc,3,HHS Region 5,quantile,0.85,2018-01-13,4.56521344269679
2017-12-23,ili perc,3,HHS Region 5,quantile,0.9,2018-01-13,4.8596926051939615
2017-12-23,ili perc,3,HHS Region 5,quantile,0.95,2018-01-13,5.4683236214064905
2017-12-23,ili perc,3,HHS Region 5,quantile,0.975,2018-01-13,6.0973422924731935
2017-12-23,ili perc,3,HHS Region 5,quantile,0.99,2018-01-13,7.183319360612448
2017-12-23,ili perc,4,HHS Region 5,quantile,0.01,2018-01-20,2.0154590512857053
2017-12-23,ili perc,4,HHS Region 5,quantile,0.025,2018-01-20,2.2267942543615913
2017-12-23,ili perc,4,HHS Region 5,quantile,0.05,2018-01-20,2.469631475615471
2017-12-23,ili perc,4,HHS Region 5,quantile,0.1,2018-01-20,2.7151632247674433
2017-12-23,ili perc,4,HHS Region 5,quantile,0.15,2018-01-20,2.876974241562372
2017-12-23,ili perc,4,HHS Region 5,quantile,0.2,2018-01-20,3.0201407538667384
2017-12-23,ili perc,4,HHS Region 5,quantile,0.25,2018-01-20,3.146487334822164
2017-12-23,ili perc,4,HHS Region 5,quantile,0.3,2018-01-20,3.2988516007626103
2017-12-23,ili perc,4,HHS Region 5,quantile,0.35,2018-01-20,3.402257874249268
2017-12-23,ili perc,4,HHS Region 5,quantile,0.4,2018-01-20,3.516127676667164
2017-12-23,ili perc,4,HHS Region 5,quantile,0.45,2018-01-20,3.6227584970406412
2017-12-23,ili perc,4,HHS Region 5,quantile,0.5,2018-01-20,3.7450701371690642
2017-12-23,ili perc,4,HHS Region 5,quantile,0.55,2018-01-20,3.8627560336326807
2017-12-23,ili perc,4,HHS Region 5,quantile,0.6,2018-01-20,3.9929570903971605
2017-12-23,ili perc,4,HHS Region 5,quantile,0.65,2018-01-20,4.119867742690424
2017-12-23,ili perc,4,HHS Region 5,quantile,0.7,2018-01-20,4.266572169863465
2017-12-23,ili perc,4,HHS Region 5,quantile,0.75,2018-01-20,4.424146934628633
2017-12-23,ili perc,4,HHS Region 5,quantile,0.8,2018-01-20,4.638887174850975
2017-12-23,ili perc,4,HHS Region 5,quantile,0.85,2018-01-20,4.882843786353121
2017-12-23,ili perc,4,HHS Region 5,quantile,0.9,2018-01-20,5.304517800996547
2017-12-23,ili perc,4,HHS Region 5,quantile,0.95,2018-01-20,5.9981179815633485
2017-12-23,ili perc,4,HHS Region 5,quantile,0.975,2018-01-20,6.601673093741288
2017-12-23,ili perc,4,HHS Region 5,quantile,0.99,2018-01-20,7.976471234359953
2017-12-23,ili perc,1,HHS Region 6,quantile,0.01,2017-12-30,7.525498169268229
2017-12-23,ili perc,1,HHS Region 6,quantile,0.025,2017-12-30,8.02595766527432
2017-12-23,ili perc,1,HHS Region 6,quantile,0.05,2017-12-30,8.463809701942761
2017-12-23,ili perc,1,HHS Region 6,quantile,0.1,2017-12-30,8.941351804513097
2017-12-23,ili perc,1,HHS Region 6,quantile,0.15,2017-12-30,9.333528539259119
2017-12-23,ili perc,1,HHS Region 6,quantile,0.2,2017-12-30,9.567499875997614
2017-12-23,ili perc,1,HHS Region 6,quantile,0.25,2017-12-30,9.807388975025626
2017-12-23,ili perc,1,HHS Region 6,quantile,0.3,2017-12-30,9.973281042333808
2017-12-23,ili perc,1,HHS Region 6,quantile,0.35,2017-12-30,10.117411911681584
2017-12-23,ili perc,1,HHS Region 6,quantile,0.4,2017-12-30,10.300759780061469
2017-12-23,ili perc,1,HHS Region 6,quantile,0.45,2017-12-30,10.442974903542751
2017-12-23,ili perc,1,HHS Region 6,quantile,0.5,2017-12-30,10.55624093520655
2017-12-23,ili perc,1,HHS Region 6,quantile,0.55,2017-12-30,10.716607946215746
2017-12-23,ili perc,1,HHS Region 6,quantile,0.6,2017-12-30,10.922719995002769
2017-12-23,ili perc,1,HHS Region 6,quantile,0.65,2017-12-30,11.063453910570061
2017-12-23,ili perc,1,HHS Region 6,quantile,0.7,2017-12-30,11.24974804228317
2017-12-23,ili perc,1,HHS Region 6,quantile,0.75,2017-12-30,11.535955009572934
2017-12-23,ili perc,1,HHS Region 6,quantile,0.8,2017-12-30,11.801534205563016
2017-12-23,ili perc,1,HHS Region 6,quantile,0.85,2017-12-30,12.147961113898749
2017-12-23,ili perc,1,HHS Region 6,quantile,0.9,2017-12-30,12.68663229600609
2017-12-23,ili perc,1,HHS Region 6,quantile,0.95,2017-12-30,13.630808890192817
2017-12-23,ili perc,1,HHS Region 6,quantile,0.975,2017-12-30,14.392866814379515
2017-12-23,ili perc,1,HHS Region 6,quantile,0.99,2017-12-30,15.985973531246723
2017-12-23,ili perc,2,HHS Region 6,quantile,0.01,2018-01-06,6.498832954803981
2017-12-23,ili perc,2,HHS Region 6,quantile,0.025,2018-01-06,7.11211493674529
2017-12-23,ili perc,2,HHS Region 6,quantile,0.05,2018-01-06,7.7016914984951175
2017-12-23,ili perc,2,HHS Region 6,quantile,0.1,2018-01-06,8.29835394665441
2017-12-23,ili perc,2,HHS Region 6,quantile,0.15,2018-01-06,8.729449270575982
2017-12-23,ili perc,2,HHS Region 6,quantile,0.2,2018-01-06,9.050715473523589
2017-12-23,ili perc,2,HHS Region 6,quantile,0.25,2018-01-06,9.32746859077745
2017-12-23,ili perc,2,HHS Region 6,quantile,0.3,2018-01-06,9.561557426590687
2017-12-23,ili perc,2,HHS Region 6,quantile,0.35,2018-01-06,9.793230639598052
2017-12-23,ili perc,2,HHS Region 6,quantile,0.4,2018-01-06,9.994158938821887
2017-12-23,ili perc,2,HHS Region 6,quantile,0.45,2018-01-06,10.199710512063552
2017-12-23,ili perc,2,HHS Region 6,quantile,0.5,2018-01-06,10.422714052925524
2017-12-23,ili perc,2,HHS Region 6,quantile,0.55,2018-01-06,10.653009107424735
2017-12-23,ili perc,2,HHS Region 6,quantile,0.6,2018-01-06,10.880902008661423
2017-12-23,ili perc,2,HHS Region 6,quantile,0.65,2018-01-06,11.15599387052617
2017-12-23,ili perc,2,HHS Region 6,quantile,0.7,2018-01-06,11.421798170055999
2017-12-23,ili perc,2,HHS Region 6,quantile,0.75,2018-01-06,11.731075381135852
2017-12-23,ili perc,2,HHS Region 6,quantile,0.8,2018-01-06,12.055127722915552
2017-12-23,ili perc,2,HHS Region 6,quantile,0.85,2018-01-06,12.593087333708976
2017-12-23,ili perc,2,HHS Region 6,quantile,0.9,2018-01-06,13.248617339098098
2017-12-23,ili perc,2,HHS Region 6,quantile,0.95,2018-01-06,14.570803170637122
2017-12-23,ili perc,2,HHS Region 6,quantile,0.975,2018-01-06,15.656284469787638
2017-12-23,ili perc,2,HHS Region 6,quantile,0.99,2018-01-06,18.26697772593474
2017-12-23,ili perc,3,HHS Region 6,quantile,0.01,2018-01-13,5.657447994473796
2017-12-23,ili perc,3,HHS Region 6,quantile,0.025,2018-01-13,6.247391994066896
2017-12-23,ili perc,3,HHS Region 6,quantile,0.05,2018-01-13,6.9088289411807695
2017-12-23,ili perc,3,HHS Region 6,quantile,0.1,2018-01-13,7.573275817701431
2017-12-23,ili perc,3,HHS Region 6,quantile,0.15,2018-01-13,8.082771075747571
2017-12-23,ili perc,3,HHS Region 6,quantile,0.2,2018-01-13,8.461855025880988
2017-12-23,ili perc,3,HHS Region 6,quantile,0.25,2018-01-13,8.777476922352536
2017-12-23,ili perc,3,HHS Region 6,quantile,0.3,2018-01-13,9.055709152436895
2017-12-23,ili perc,3,HHS Region 6,quantile,0.35,2018-01-13,9.324193550242775
2017-12-23,ili perc,3,HHS Region 6,quantile,0.4,2018-01-13,9.579197771953197
2017-12-23,ili perc,3,HHS Region 6,quantile,0.45,2018-01-13,9.904235298552214
2017-12-23,ili perc,3,HHS Region 6,quantile,0.5,2018-01-13,10.207433742213999
2017-12-23,ili perc,3,HHS Region 6,quantile,0.55,2018-01-13,10.451240024160196
2017-12-23,ili perc,3,HHS Region 6,quantile,0.6,2018-01-13,10.764034593716483
2017-12-23,ili perc,3,HHS Region 6,quantile,0.65,2018-01-13,11.093836662539708
2017-12-23,ili perc,3,HHS Region 6,quantile,0.7,2018-01-13,11.440427614573428
2017-12-23,ili perc,3,HHS Region 6,quantile,0.75,2018-01-13,11.831609629511052
2017-12-23,ili perc,3,HHS Region 6,quantile,0.8,2018-01-13,12.40108658961082
2017-12-23,ili perc,3,HHS Region 6,quantile,0.85,2018-01-13,12.951481291220603
2017-12-23,ili perc,3,HHS Region 6,quantile,0.9,2018-01-13,13.887259023831575
2017-12-23,ili perc,3,HHS Region 6,quantile,0.95,2018-01-13,15.074732966512952
2017-12-23,ili perc,3,HHS Region 6,quantile,0.975,2018-01-13,16.57144598914458
2017-12-23,ili perc,3,HHS Region 6,quantile,0.99,2018-01-13,19.21207213045995
2017-12-23,ili perc,4,HHS Region 6,quantile,0.01,2018-01-20,5.093969246044436
2017-12-23,ili perc,4,HHS Region 6,quantile,0.025,2018-01-20,5.7144361487822755
2017-12-23,ili perc,4,HHS Region 6,quantile,0.05,2018-01-20,6.354535263566011
2017-12-23,ili perc,4,HHS Region 6,quantile,0.1,2018-01-20,7.141396726791102
2017-12-23,ili perc,4,HHS Region 6,quantile,0.15,2018-01-20,7.668242084782039
2017-12-23,ili perc,4,HHS Region 6,quantile,0.2,2018-01-20,8.070006938702594
2017-12-23,ili perc,4,HHS Region 6,quantile,0.25,2018-01-20,8.428311822261065
2017-12-23,ili perc,4,HHS Region 6,quantile,0.3,2018-01-20,8.8064598690454
2017-12-23,ili perc,4,HHS Region 6,quantile,0.35,2018-01-20,9.133131257562782
2017-12-23,ili perc,4,HHS Region 6,quantile,0.4,2018-01-20,9.477855659713851
2017-12-23,ili perc,4,HHS Region 6,quantile,0.45,2018-01-20,9.83512612374503
2017-12-23,ili perc,4,HHS Region 6,quantile,0.5,2018-01-20,10.17167384936466
2017-12-23,ili perc,4,HHS Region 6,quantile,0.55,2018-01-20,10.53626031073063
2017-12-23,ili perc,4,HHS Region 6,quantile,0.6,2018-01-20,10.93028294894921
2017-12-23,ili perc,4,HHS Region 6,quantile,0.65,2018-01-20,11.299554662093971
2017-12-23,ili perc,4,HHS Region 6,quantile,0.7,2018-01-20,11.759132323020973
2017-12-23,ili perc,4,HHS Region 6,quantile,0.75,2018-01-20,12.18335498676924
2017-12-23,ili perc,4,HHS Region 6,quantile,0.8,2018-01-20,12.698749266621336
2017-12-23,ili perc,4,HHS Region 6,quantile,0.85,2018-01-20,13.431910988076355
2017-12-23,ili perc,4,HHS Region 6,quantile,0.9,2018-01-20,14.49319456743742
2017-12-23,ili perc,4,HHS Region 6,quantile,0.95,2018-01-20,16.123681936629687
2017-12-23,ili perc,4,HHS Region 6,quantile,0.975,2018-01-20,17.77877049610219
2017-12-23,ili perc,4,HHS Region 6,quantile,0.99,2018-01-20,20.846347224777066
2017-12-23,ili perc,1,HHS Region 7,quantile,0.01,2017-12-30,2.309995911399552
2017-12-23,ili perc,1,HHS Region 7,quantile,0.025,2017-12-30,2.5778843659835484
2017-12-23,ili perc,1,HHS Region 7,quantile,0.05,2017-12-30,2.822067349791057
2017-12-23,ili perc,1,HHS Region 7,quantile,0.1,2017-12-30,3.081379844112078
2017-12-23,ili perc,1,HHS Region 7,quantile,0.15,2017-12-30,3.2603398795256564
2017-12-23,ili perc,1,HHS Region 7,quantile,0.2,2017-12-30,3.3710080548369192
2017-12-23,ili perc,1,HHS Region 7,quantile,0.25,2017-12-30,3.482853913071591
2017-12-23,ili perc,1,HHS Region 7,quantile,0.3,2017-12-30,3.59594815870966
2017-12-23,ili perc,1,HHS Region 7,quantile,0.35,2017-12-30,3.6964335815807083
2017-12-23,ili perc,1,HHS Region 7,quantile,0.4,2017-12-30,3.7802473217262715
2017-12-23,ili perc,1,HHS Region 7,quantile,0.45,2017-12-30,3.8660134619628796
2017-12-23,ili perc,1,HHS Region 7,quantile,0.5,2017-12-30,3.9510856111552877
2017-12-23,ili perc,1,HHS Region 7,quantile,0.55,2017-12-30,4.036921713288323
2017-12-23,ili perc,1,HHS Region 7,quantile,0.6,2017-12-30,4.145921498263536
2017-12-23,ili perc,1,HHS Region 7,quantile,0.65,2017-12-30,4.223120129490174
2017-12-23,ili perc,1,HHS Region 7,quantile,0.7,2017-12-30,4.350188855385119
2017-12-23,ili perc,1,HHS Region 7,quantile,0.75,2017-12-30,4.552360217573766
2017-12-23,ili perc,1,HHS Region 7,quantile,0.8,2017-12-30,4.768262651485128
2017-12-23,ili perc,1,HHS Region 7,quantile,0.85,2017-12-30,4.966772566714437
2017-12-23,ili perc,1,HHS Region 7,quantile,0.9,2017-12-30,5.190269708551228
2017-12-23,ili perc,1,HHS Region 7,quantile,0.95,2017-12-30,5.655368638521296
2017-12-23,ili perc,1,HHS Region 7,quantile,0.975,2017-12-30,6.229339599750034
2017-12-23,ili perc,1,HHS Region 7,quantile,0.99,2017-12-30,7.87741394767469
2017-12-23,ili perc,2,HHS Region 7,quantile,0.01,2018-01-06,1.9172043100816059
2017-12-23,ili perc,2,HHS Region 7,quantile,0.025,2018-01-06,2.19042796314642
2017-12-23,ili perc,2,HHS Region 7,quantile,0.05,2018-01-06,2.4256331099300334
2017-12-23,ili perc,2,HHS Region 7,quantile,0.1,2018-01-06,2.7217406016433556
2017-12-23,ili perc,2,HHS Region 7,quantile,0.15,2018-01-06,2.95365543440112
2017-12-23,ili perc,2,HHS Region 7,quantile,0.2,2018-01-06,3.1115228631018077
2017-12-23,ili perc,2,HHS Region 7,quantile,0.25,2018-01-06,3.245107860590088
2017-12-23,ili perc,2,HHS Region 7,quantile,0.3,2018-01-06,3.35237455185319
2017-12-23,ili perc,2,HHS Region 7,quantile,0.35,2018-01-06,3.4798474771124748
2017-12-23,ili perc,2,HHS Region 7,quantile,0.4,2018-01-06,3.6067390091551044
2017-12-23,ili perc,2,HHS Region 7,quantile,0.45,2018-01-06,3.7394313360395226
2017-12-23,ili perc,2,HHS Region 7,quantile,0.5,2018-01-06,3.8633318213415246
2017-12-23,ili perc,2,HHS Region 7,quantile,0.55,2018-01-06,3.9828096817515264
2017-12-23,ili perc,2,HHS Region 7,quantile,0.6,2018-01-06,4.106264725205512
2017-12-23,ili perc,2,HHS Region 7,quantile,0.65,2018-01-06,4.275281531002649
2017-12-23,ili perc,2,HHS Region 7,quantile,0.7,2018-01-06,4.43153605699084
2017-12-23,ili perc,2,HHS Region 7,quantile,0.75,2018-01-06,4.65929383996399
2017-12-23,ili perc,2,HHS Region 7,quantile,0.8,2018-01-06,4.852618869846761
2017-12-23,ili perc,2,HHS Region 7,quantile,0.85,2018-01-06,5.088296871112454
2017-12-23,ili perc,2,HHS Region 7,quantile,0.9,2018-01-06,5.465052072406056
2017-12-23,ili perc,2,HHS Region 7,quantile,0.95,2018-01-06,6.182456331014196
2017-12-23,ili perc,2,HHS Region 7,quantile,0.975,2018-01-06,7.134624192679398
2017-12-23,ili perc,2,HHS Region 7,quantile,0.99,2018-01-06,10.966613596384866
2017-12-23,ili perc,3,HHS Region 7,quantile,0.01,2018-01-13,1.395726479180688
2017-12-23,ili perc,3,HHS Region 7,quantile,0.025,2018-01-13,1.847060437134224
2017-12-23,ili perc,3,HHS Region 7,quantile,0.05,2018-01-13,2.094032603157103
2017-12-23,ili perc,3,HHS Region 7,quantile,0.1,2018-01-13,2.4580397179311735
2017-12-23,ili perc,3,HHS Region 7,quantile,0.15,2018-01-13,2.663462631523991
2017-12-23,ili perc,3,HHS Region 7,quantile,0.2,2018-01-13,2.860620064448977
2017-12-23,ili perc,3,HHS Region 7,quantile,0.25,2018-01-13,3.0245869820158804
2017-12-23,ili perc,3,HHS Region 7,quantile,0.3,2018-01-13,3.1700379951665547
2017-12-23,ili perc,3,HHS Region 7,quantile,0.35,2018-01-13,3.3232673986466383
2017-12-23,ili perc,3,HHS Region 7,quantile,0.4,2018-01-13,3.4644118371649957
2017-12-23,ili perc,3,HHS Region 7,quantile,0.45,2018-01-13,3.6202332053240216
2017-12-23,ili perc,3,HHS Region 7,quantile,0.5,2018-01-13,3.7572024242634963
2017-12-23,ili perc,3,HHS Region 7,quantile,0.55,2018-01-13,3.8920034072390326
2017-12-23,ili perc,3,HHS Region 7,quantile,0.6,2018-01-13,4.053206625451764
2017-12-23,ili perc,3,HHS Region 7,quantile,0.65,2018-01-13,4.2250113412709105
2017-12-23,ili perc,3,HHS Region 7,quantile,0.7,2018-01-13,4.4123821541695865
2017-12-23,ili perc,3,HHS Region 7,quantile,0.75,2018-01-13,4.653754799252595
2017-12-23,ili perc,3,HHS Region 7,quantile,0.8,2018-01-13,4.90093507266272
2017-12-23,ili perc,3,HHS Region 7,quantile,0.85,2018-01-13,5.187044451486277
2017-12-23,ili perc,3,HHS Region 7,quantile,0.9,2018-01-13,5.6992887669517645
2017-12-23,ili perc,3,HHS Region 7,quantile,0.95,2018-01-13,6.508678760105682
2017-12-23,ili perc,3,HHS Region 7,quantile,0.975,2018-01-13,8.160435201060059
2017-12-23,ili perc,3,HHS Region 7,quantile,0.99,2018-01-13,10.72455599649858
2017-12-23,ili perc,4,HHS Region 7,quantile,0.01,2018-01-20,1.1503233285097332
2017-12-23,ili perc,4,HHS Region 7,quantile,0.025,2018-01-20,1.5860474420711843
2017-12-23,ili perc,4,HHS Region 7,quantile,0.05,2018-01-20,2.0111828514567183
2017-12-23,ili perc,4,HHS Region 7,quantile,0.1,2018-01-20,2.407392926843048
2017-12-23,ili perc,4,HHS Region 7,quantile,0.15,2018-01-20,2.655760156299988
2017-12-23,ili perc,4,HHS Region 7,quantile,0.2,2018-01-20,2.8295696889378674
2017-12-23,ili perc,4,HHS Region 7,quantile,0.25,2018-01-20,3.015000021249644
2017-12-23,ili perc,4,HHS Region 7,quantile,0.3,2018-01-20,3.193445910231178
2017-12-23,ili perc,4,HHS Region 7,quantile,0.35,2018-01-20,3.3619002679000896
2017-12-23,ili perc,4,HHS Region 7,quantile,0.4,2018-01-20,3.533486714686287
2017-12-23,ili perc,4,HHS Region 7,quantile,0.45,2018-01-20,3.7031596311416566
2017-12-23,ili perc,4,HHS Region 7,quantile,0.5,2018-01-20,3.860370334014564
2017-12-23,ili perc,4,HHS Region 7,quantile,0.55,2018-01-20,4.019248460077079
2017-12-23,ili perc,4,HHS Region 7,quantile,0.6,2018-01-20,4.22351486566894
2017-12-23,ili perc,4,HHS Region 7,quantile,0.65,2018-01-20,4.400865086265937
2017-12-23,ili perc,4,HHS Region 7,quantile,0.7,2018-01-20,4.621576710309861
2017-12-23,ili perc,4,HHS Region 7,quantile,0.75,2018-01-20,4.920643862271855
2017-12-23,ili perc,4,HHS Region 7,quantile,0.8,2018-01-20,5.211683255087169
2017-12-23,ili perc,4,HHS Region 7,quantile,0.85,2018-01-20,5.620723321292418
2017-12-23,ili perc,4,HHS Region 7,quantile,0.9,2018-01-20,6.231517968134834
2017-12-23,ili perc,4,HHS Region 7,quantile,0.95,2018-01-20,7.285888911520747
2017-12-23,ili perc,4,HHS Region 7,quantile,0.975,2018-01-20,8.978450031161012
2017-12-23,ili perc,4,HHS Region 7,quantile,0.99,2018-01-20,12.024916806926322
2017-12-23,ili perc,1,HHS Region 8,quantile,0.01,2017-12-30,1.0593120930054676
2017-12-23,ili perc,1,HHS Region 8,quantile,0.025,2017-12-30,1.2328068825934677
2017-12-23,ili perc,1,HHS Region 8,quantile,0.05,2017-12-30,1.3283236213219798
2017-12-23,ili perc,1,HHS Region 8,quantile,0.1,2017-12-30,1.4819438339800284
2017-12-23,ili perc,1,HHS Region 8,quantile,0.15,2017-12-30,1.569041535200391
2017-12-23,ili perc,1,HHS Region 8,quantile,0.2,2017-12-30,1.6382418968195174
2017-12-23,ili perc,1,HHS Region 8,quantile,0.25,2017-12-30,1.6910942687475483
2017-12-23,ili perc,1,HHS Region 8,quantile,0.3,2017-12-30,1.731607593339902
2017-12-23,ili perc,1,HHS Region 8,quantile,0.35,2017-12-30,1.7670309401992406
2017-12-23,ili perc,1,HHS Region 8,quantile,0.4,2017-12-30,1.8020788500736886
2017-12-23,ili perc,1,HHS Region 8,quantile,0.45,2017-12-30,1.8468403952259578
2017-12-23,ili perc,1,HHS Region 8,quantile,0.5,2017-12-30,1.8838212392551308
2017-12-23,ili perc,1,HHS Region 8,quantile,0.55,2017-12-30,1.9174884687944345
2017-12-23,ili perc,1,HHS Region 8,quantile,0.6,2017-12-30,1.9526614769299302
2017-12-23,ili perc,1,HHS Region 8,quantile,0.65,2017-12-30,2.054916504689502
2017-12-23,ili perc,1,HHS Region 8,quantile,0.7,2017-12-30,2.1439050339924934
2017-12-23,ili perc,1,HHS Region 8,quantile,0.75,2017-12-30,2.189150020739273
2017-12-23,ili perc,1,HHS Region 8,quantile,0.8,2017-12-30,2.261296832640257
2017-12-23,ili perc,1,HHS Region 8,quantile,0.85,2017-12-30,2.36078854558356
2017-12-23,ili perc,1,HHS Region 8,quantile,0.9,2017-12-30,2.493991162989114
2017-12-23,ili perc,1,HHS Region 8,quantile,0.95,2017-12-30,2.7320523440165596
2017-12-23,ili perc,1,HHS Region 8,quantile,0.975,2017-12-30,3.003516696921721
2017-12-23,ili perc,1,HHS Region 8,quantile,0.99,2017-12-30,3.875090176704948
2017-12-23,ili perc,2,HHS Region 8,quantile,0.01,2018-01-06,0.959444967294824
2017-12-23,ili perc,2,HHS Region 8,quantile,0.025,2018-01-06,1.1135851985201282
2017-12-23,ili perc,2,HHS Region 8,quantile,0.05,2018-01-06,1.239299350897991
2017-12-23,ili perc,2,HHS Region 8,quantile,0.1,2018-01-06,1.4106731444839407
2017-12-23,ili perc,2,HHS Region 8,quantile,0.15,2018-01-06,1.5067900490883543
2017-12-23,ili perc,2,HHS Region 8,quantile,0.2,2018-01-06,1.590111216354649
2017-12-23,ili perc,2,HHS Region 8,quantile,0.25,2018-01-06,1.6744727645724222
2017-12-23,ili perc,2,HHS Region 8,quantile,0.3,2018-01-06,1.7388765711843155
2017-12-23,ili perc,2,HHS Region 8,quantile,0.35,2018-01-06,1.7927100303334478
2017-12-23,ili perc,2,HHS Region 8,quantile,0.4,2018-01-06,1.8463072912698333
2017-12-23,ili perc,2,HHS Region 8,quantile,0.45,2018-01-06,1.8979489332900434
2017-12-23,ili perc,2,HHS Region 8,quantile,0.5,2018-01-06,1.9431998215278903
2017-12-23,ili perc,2,HHS Region 8,quantile,0.55,2018-01-06,2.016064335896495
2017-12-23,ili perc,2,HHS Region 8,quantile,0.6,2018-01-06,2.0806747471579983
2017-12-23,ili perc,2,HHS Region 8,quantile,0.65,2018-01-06,2.156445054905759
2017-12-23,ili perc,2,HHS Region 8,quantile,0.7,2018-01-06,2.2299191770370452
2017-12-23,ili perc,2,HHS Region 8,quantile,0.75,2018-01-06,2.326636876411777
2017-12-23,ili perc,2,HHS Region 8,quantile,0.8,2018-01-06,2.453992247076492
2017-12-23,ili perc,2,HHS Region 8,quantile,0.85,2018-01-06,2.5792513729512323
2017-12-23,ili perc,2,HHS Region 8,quantile,0.9,2018-01-06,2.8333055788398998
2017-12-23,ili perc,2,HHS Region 8,quantile,0.95,2018-01-06,3.210462946893814
2017-12-23,ili perc,2,HHS Region 8,quantile,0.975,2018-01-06,3.7103343124866677
2017-12-23,ili perc,2,HHS Region 8,quantile,0.99,2018-01-06,4.691185925357401
2017-12-23,ili perc,3,HHS Region 8,quantile,0.01,2018-01-13,0.8447861883253365
2017-12-23,ili perc,3,HHS Region 8,quantile,0.025,2018-01-13,1.0113429862833088
2017-12-23,ili perc,3,HHS Region 8,quantile,0.05,2018-01-13,1.1696077413337207
2017-12-23,ili perc,3,HHS Region 8,quantile,0.1,2018-01-13,1.3441385468390794
2017-12-23,ili perc,3,HHS Region 8,quantile,0.15,2018-01-13,1.450282788068224
2017-12-23,ili perc,3,HHS Region 8,quantile,0.2,2018-01-13,1.5456194276532826
2017-12-23,ili perc,3,HHS Region 8,quantile,0.25,2018-01-13,1.636355512537196
2017-12-23,ili perc,3,HHS Region 8,quantile,0.3,2018-01-13,1.7123921399297504
2017-12-23,ili perc,3,HHS Region 8,quantile,0.35,2018-01-13,1.7882106908856783
2017-12-23,ili perc,3,HHS Region 8,quantile,0.4,2018-01-13,1.8527272747920644
2017-12-23,ili perc,3,HHS Region 8,quantile,0.45,2018-01-13,1.9266115285166112
2017-12-23,ili perc,3,HHS Region 8,quantile,0.5,2018-01-13,1.9988982430462843
2017-12-23,ili perc,3,HHS Region 8,quantile,0.55,2018-01-13,2.068768285371328
2017-12-23,ili perc,3,HHS Region 8,quantile,0.6,2018-01-13,2.1687522792936513
2017-12-23,ili perc,3,HHS Region 8,quantile,0.65,2018-01-13,2.257118600886363
2017-12-23,ili perc,3,HHS Region 8,quantile,0.7,2018-01-13,2.382679439345889
2017-12-23,ili perc,3,HHS Region 8,quantile,0.75,2018-01-13,2.5022760863581697
2017-12-23,ili perc,3,HHS Region 8,quantile,0.8,2018-01-13,2.6347158799077084
2017-12-23,ili perc,3,HHS Region 8,quantile,0.85,2018-01-13,2.8322494556683693
2017-12-23,ili perc,3,HHS Region 8,quantile,0.9,2018-01-13,3.055608591297047
2017-12-23,ili perc,3,HHS Region 8,quantile,0.95,2018-01-13,3.549443303206814
2017-12-23,ili perc,3,HHS Region 8,quantile,0.975,2018-01-13,4.08299695093751
2017-12-23,ili perc,3,HHS Region 8,quantile,0.99,2018-01-13,5.073010592976676
2017-12-23,ili perc,4,HHS Region 8,quantile,0.01,2018-01-20,0.6990525102220774
2017-12-23,ili perc,4,HHS Region 8,quantile,0.025,2018-01-20,0.892668568938716
2017-12-23,ili perc,4,HHS Region 8,quantile,0.05,2018-01-20,1.0250772711910439
2017-12-23,ili perc,4,HHS Region 8,quantile,0.1,2018-01-20,1.2084039834455003
2017-12-23,ili perc,4,HHS Region 8,quantile,0.15,2018-01-20,1.342593050156216
2017-12-23,ili perc,4,HHS Region 8,quantile,0.2,2018-01-20,1.4528532904179523
2017-12-23,ili perc,4,HHS Region 8,quantile,0.25,2018-01-20,1.5454413538644498
2017-12-23,ili perc,4,HHS Region 8,quantile,0.3,2018-01-20,1.6260966674111694
2017-12-23,ili perc,4,HHS Region 8,quantile,0.35,2018-01-20,1.7063220781067143
2017-12-23,ili perc,4,HHS Region 8,quantile,0.4,2018-01-20,1.7763273072507137
2017-12-23,ili perc,4,HHS Region 8,quantile,0.45,2018-01-20,1.8570815024066527
2017-12-23,ili perc,4,HHS Region 8,quantile,0.5,2018-01-20,1.9402658163283113
2017-12-23,ili perc,4,HHS Region 8,quantile,0.55,2018-01-20,2.0152224514627997
2017-12-23,ili perc,4,HHS Region 8,quantile,0.6,2018-01-20,2.101500984854972
2017-12-23,ili perc,4,HHS Region 8,quantile,0.65,2018-01-20,2.216650159494354
2017-12-23,ili perc,4,HHS Region 8,quantile,0.7,2018-01-20,2.334070047063132
2017-12-23,ili perc,4,HHS Region 8,quantile,0.75,2018-01-20,2.447176727209515
2017-12-23,ili perc,4,HHS Region 8,quantile,0.8,2018-01-20,2.5857822466532707
2017-12-23,ili perc,4,HHS Region 8,quantile,0.85,2018-01-20,2.7523618844848072
2017-12-23,ili perc,4,HHS Region 8,quantile,0.9,2018-01-20,3.0674455636624725
2017-12-23,ili perc,4,HHS Region 8,quantile,0.95,2018-01-20,3.6112021082159482
2017-12-23,ili perc,4,HHS Region 8,quantile,0.975,2018-01-20,4.132583041030523
2017-12-23,ili perc,4,HHS Region 8,quantile,0.99,2018-01-20,5.033054200478914
2017-12-23,ili perc,1,HHS Region 9,quantile,0.01,2017-12-30,2.916172358627869
2017-12-23,ili perc,1,HHS Region 9,quantile,0.025,2017-12-30,3.1952806433792165
2017-12-23,ili perc,1,HHS Region 9,quantile,0.05,2017-12-30,3.4489254432743532
2017-12-23,ili perc,1,HHS Region 9,quantile,0.1,2017-12-30,3.743903396695251
2017-12-23,ili perc,1,HHS Region 9,quantile,0.15,2017-12-30,3.904688820104147
2017-12-23,ili perc,1,HHS Region 9,quantile,0.2,2017-12-30,4.00339972825227
2017-12-23,ili perc,1,HHS Region 9,quantile,0.25,2017-12-30,4.084261731237374
2017-12-23,ili perc,1,HHS Region 9,quantile,0.3,2017-12-30,4.153357759128992
2017-12-23,ili perc,1,HHS Region 9,quantile,0.35,2017-12-30,4.210120799198817
2017-12-23,ili perc,1,HHS Region 9,quantile,0.4,2017-12-30,4.279109793807164
2017-12-23,ili perc,1,HHS Region 9,quantile,0.45,2017-12-30,4.330089273263419
2017-12-23,ili perc,1,HHS Region 9,quantile,0.5,2017-12-30,4.397570086023802
2017-12-23,ili perc,1,HHS Region 9,quantile,0.55,2017-12-30,4.444514699523326
2017-12-23,ili perc,1,HHS Region 9,quantile,0.6,2017-12-30,4.5042790199150495
2017-12-23,ili perc,1,HHS Region 9,quantile,0.65,2017-12-30,4.569938741229613
2017-12-23,ili perc,1,HHS Region 9,quantile,0.7,2017-12-30,4.6409724030360975
2017-12-23,ili perc,1,HHS Region 9,quantile,0.75,2017-12-30,4.74183316751281
2017-12-23,ili perc,1,HHS Region 9,quantile,0.8,2017-12-30,4.837475309776097
2017-12-23,ili perc,1,HHS Region 9,quantile,0.85,2017-12-30,4.996359909091881
2017-12-23,ili perc,1,HHS Region 9,quantile,0.9,2017-12-30,5.247970106131368
2017-12-23,ili perc,1,HHS Region 9,quantile,0.95,2017-12-30,5.757343587035178
2017-12-23,ili perc,1,HHS Region 9,quantile,0.975,2017-12-30,6.1382931509476215
2017-12-23,ili perc,1,HHS Region 9,quantile,0.99,2017-12-30,6.723559942637945
2017-12-23,ili perc,2,HHS Region 9,quantile,0.01,2018-01-06,2.513954686268111
2017-12-23,ili perc,2,HHS Region 9,quantile,0.025,2018-01-06,2.79081518829503
2017-12-23,ili perc,2,HHS Region 9,quantile,0.05,2018-01-06,3.004915549145493
2017-12-23,ili perc,2,HHS Region 9,quantile,0.1,2018-01-06,3.312718396595205
2017-12-23,ili perc,2,HHS Region 9,quantile,0.15,2018-01-06,3.5205191428411156
2017-12-23,ili perc,2,HHS Region 9,quantile,0.2,2018-01-06,3.65218080427158
2017-12-23,ili perc,2,HHS Region 9,quantile,0.25,2018-01-06,3.75348159603116
2017-12-23,ili perc,2,HHS Region 9,quantile,0.3,2018-01-06,3.847384554631696
2017-12-23,ili perc,2,HHS Region 9,quantile,0.35,2018-01-06,3.9287693206252166
2017-12-23,ili perc,2,HHS Region 9,quantile,0.4,2018-01-06,4.004022681506202
2017-12-23,ili perc,2,HHS Region 9,quantile,0.45,2018-01-06,4.0770445512274875
2017-12-23,ili perc,2,HHS Region 9,quantile,0.5,2018-01-06,4.15788876664571
2017-12-23,ili perc,2,HHS Region 9,quantile,0.55,2018-01-06,4.245426481950568
2017-12-23,ili perc,2,HHS Region 9,quantile,0.6,2018-01-06,4.332292305455927
2017-12-23,ili perc,2,HHS Region 9,quantile,0.65,2018-01-06,4.422863195086344
2017-12-23,ili perc,2,HHS Region 9,quantile,0.7,2018-01-06,4.524289175544009
2017-12-23,ili perc,2,HHS Region 9,quantile,0.75,2018-01-06,4.6229187263610365
2017-12-23,ili perc,2,HHS Region 9,quantile,0.8,2018-01-06,4.801754438252842
2017-12-23,ili perc,2,HHS Region 9,quantile,0.85,2018-01-06,5.013870190736635
2017-12-23,ili perc,2,HHS Region 9,quantile,0.9,2018-01-06,5.2734617046227195
2017-12-23,ili perc,2,HHS Region 9,quantile,0.95,2018-01-06,5.770633957882092
2017-12-23,ili perc,2,HHS Region 9,quantile,0.975,2018-01-06,6.310427002349874
2017-12-23,ili perc,2,HHS Region 9,quantile,0.99,2018-01-06,7.008541155849668
2017-12-23,ili perc,3,HHS Region 9,quantile,0.01,2018-01-13,2.16863435774638
2017-12-23,ili perc,3,HHS Region 9,quantile,0.025,2018-01-13,2.5214612795525375
2017-12-23,ili perc,3,HHS Region 9,quantile,0.05,2018-01-13,2.859066409190164
2017-12-23,ili perc,3,HHS Region 9,quantile,0.1,2018-01-13,3.1863192366377064
2017-12-23,ili perc,3,HHS Region 9,quantile,0.15,2018-01-13,3.3720258249424337
2017-12-23,ili perc,3,HHS Region 9,quantile,0.2,2018-01-13,3.544960783843333
2017-12-23,ili perc,3,HHS Region 9,quantile,0.25,2018-01-13,3.683767557880179
2017-12-23,ili perc,3,HHS Region 9,quantile,0.3,2018-01-13,3.805758647087784
2017-12-23,ili perc,3,HHS Region 9,quantile,0.35,2018-01-13,3.9053519223469237
2017-12-23,ili perc,3,HHS Region 9,quantile,0.4,2018-01-13,4.002564306741384
2017-12-23,ili perc,3,HHS Region 9,quantile,0.45,2018-01-13,4.09655495665927
2017-12-23,ili perc,3,HHS Region 9,quantile,0.5,2018-01-13,4.2101554721710865
2017-12-23,ili perc,3,HHS Region 9,quantile,0.55,2018-01-13,4.314069066073307
2017-12-23,ili perc,3,HHS Region 9,quantile,0.6,2018-01-13,4.4336951448104305
2017-12-23,ili perc,3,HHS Region 9,quantile,0.65,2018-01-13,4.572420020414754
2017-12-23,ili perc,3,HHS Region 9,quantile,0.7,2018-01-13,4.716252638174777
2017-12-23,ili perc,3,HHS Region 9,quantile,0.75,2018-01-13,4.878286542485453
2017-12-23,ili perc,3,HHS Region 9,quantile,0.8,2018-01-13,5.062614301661328
2017-12-23,ili perc,3,HHS Region 9,quantile,0.85,2018-01-13,5.279992510582263
2017-12-23,ili perc,3,HHS Region 9,quantile,0.9,2018-01-13,5.572886973170823
2017-12-23,ili perc,3,HHS Region 9,quantile,0.95,2018-01-13,6.126391609051658
2017-12-23,ili perc,3,HHS Region 9,quantile,0.975,2018-01-13,6.634341959474754
2017-12-23,ili perc,3,HHS Region 9,quantile,0.99,2018-01-13,7.497871197647087
2017-12-23,ili perc,4,HHS Region 9,quantile,0.01,2018-01-20,2.1621761131544974
2017-12-23,ili perc,4,HHS Region 9,quantile,0.025,2018-01-20,2.4714718132297695
2017-12-23,ili perc,4,HHS Region 9,quantile,0.05,2018-01-20,2.753133333466776
2017-12-23,ili perc,4,HHS Region 9,quantile,0.1,2018-01-20,3.087295940510926
2017-12-23,ili perc,4,HHS Region 9,quantile,0.15,2018-01-20,3.3033597665020418
2017-12-23,ili perc,4,HHS Region 9,quantile,0.2,2018-01-20,3.476299808708134
2017-12-23,ili perc,4,HHS Region 9,quantile,0.25,2018-01-20,3.6344664199167047
2017-12-23,ili perc,4,HHS Region 9,quantile,0.3,2018-01-20,3.7787808428535183
2017-12-23,ili perc,4,HHS Region 9,quantile,0.35,2018-01-20,3.932077140320994
2017-12-23,ili perc,4,HHS Region 9,quantile,0.4,2018-01-20,4.060670363119141
2017-12-23,ili perc,4,HHS Region 9,quantile,0.45,2018-01-20,4.183854362072901
2017-12-23,ili perc,4,HHS Region 9,quantile,0.5,2018-01-20,4.3229050579044515
2017-12-23,ili perc,4,HHS Region 9,quantile,0.55,2018-01-20,4.467227845248563
2017-12-23,ili perc,4,HHS Region 9,quantile,0.6,2018-01-20,4.632741747396198
2017-12-23,ili perc,4,HHS Region 9,quantile,0.65,2018-01-20,4.8074232430971104
2017-12-23,ili perc,4,HHS Region 9,quantile,0.7,2018-01-20,4.985976338499915
2017-12-23,ili perc,4,HHS Region 9,quantile,0.75,2018-01-20,5.147494169995238
2017-12-23,ili perc,4,HHS Region 9,quantile,0.8,2018-01-20,5.383810131131415
2017-12-23,ili perc,4,HHS Region 9,quantile,0.85,2018-01-20,5.6453398576975085
2017-12-23,ili perc,4,HHS Region 9,quantile,0.9,2018-01-20,6.008457435708487
2017-12-23,ili perc,4,HHS Region 9,quantile,0.95,2018-01-20,6.6620411430509225
2017-12-23,ili perc,4,HHS Region 9,quantile,0.975,2018-01-20,7.165543763055884
2017-12-23,ili perc,4,HHS Region 9,quantile,0.99,2018-01-20,8.066725004462969
2017-12-23,ili perc,1,US National,quantile,0.01,2017-12-30,3.56734852463603
2017-12-23,ili perc,1,US National,quantile,0.025,2017-12-30,3.823788029724281
2017-12-23,ili perc,1,US National,quantile,0.05,2017-12-30,3.9734185496601104
2017-12-23,ili perc,1,US National,quantile,0.1,2017-12-30,4.19366696535292
2017-12-23,ili perc,1,US National,quantile,0.15,2017-12-30,4.332827558860125
2017-12-23,ili perc,1,US National,quantile,0.2,2017-12-30,4.439568878750596
2017-12-23,ili perc,1,US National,quantile,0.25,2017-12-30,4.5249044865173556
2017-12-23,ili perc,1,US National,quantile,0.3,2017-12-30,4.585493256864626
2017-12-23,ili perc,1,US National,quantile,0.35,2017-12-30,4.653567306678871
2017-12-23,ili perc,1,US National,quantile,0.4,2017-12-30,4.71429161293794
2017-12-23,ili perc,1,US National,quantile,0.45,2017-12-30,4.780444461851887
2017-12-23,ili perc,1,US National,quantile,0.5,2017-12-30,4.850117381285441
2017-12-23,ili perc,1,US National,quantile,0.55,2017-12-30,4.91754026319654
2017-12-23,ili perc,1,US National,quantile,0.6,2017-12-30,4.980622326733969
2017-12-23,ili perc,1,US National,quantile,0.65,2017-12-30,5.056626331223742
2017-12-23,ili perc,1,US National,quantile,0.7,2017-12-30,5.137053477777161
2017-12-23,ili perc,1,US National,quantile,0.75,2017-12-30,5.285037156527589
2017-12-23,ili perc,1,US National,quantile,0.8,2017-12-30,5.447166570233205
2017-12-23,ili perc,1,US National,quantile,0.85,2017-12-30,5.557656044738723
2017-12-23,ili perc,1,US National,quantile,0.9,2017-12-30,5.750916463825114
2017-12-23,ili perc,1,US National,quantile,0.95,2017-12-30,6.105186481229545
2017-12-23,ili perc,1,US National,quantile,0.975,2017-12-30,6.531095209292165
2017-12-23,ili perc,1,US National,quantile,0.99,2017-12-30,7.050114916105585
2017-12-23,ili perc,2,US National,quantile,0.01,2018-01-06,3.0412170762782376
2017-12-23,ili perc,2,US National,quantile,0.025,2018-01-06,3.2567543470889255
2017-12-23,ili perc,2,US National,quantile,0.05,2018-01-06,3.497837025952187
2017-12-23,ili perc,2,US National,quantile,0.1,2018-01-06,3.7970879065795935
2017-12-23,ili perc,2,US National,quantile,0.15,2018-01-06,3.947361009900852
2017-12-23,ili perc,2,US National,quantile,0.2,2018-01-06,4.086361906621689
2017-12-23,ili perc,2,US National,quantile,0.25,2018-01-06,4.215360306294102
2017-12-23,ili perc,2,US National,quantile,0.3,2018-01-06,4.327809969737954
2017-12-23,ili perc,2,US National,quantile,0.35,2018-01-06,4.422600944428475
2017-12-23,ili perc,2,US National,quantile,0.4,2018-01-06,4.504877726476835
2017-12-23,ili perc,2,US National,quantile,0.45,2018-01-06,4.605573346595541
2017-12-23,ili perc,2,US National,quantile,0.5,2018-01-06,4.708200284538542
2017-12-23,ili perc,2,US National,quantile,0.55,2018-01-06,4.8189981412227265
2017-12-23,ili perc,2,US National,quantile,0.6,2018-01-06,4.939525792098721
2017-12-23,ili perc,2,US National,quantile,0.65,2018-01-06,5.0661127093792935
2017-12-23,ili perc,2,US National,quantile,0.7,2018-01-06,5.205789064435345
2017-12-23,ili perc,2,US National,quantile,0.75,2018-01-06,5.4042499830066175
2017-12-23,ili perc,2,US National,quantile,0.8,2018-01-06,5.575863219192461
2017-12-23,ili perc,2,US National,quantile,0.85,2018-01-06,5.745858889539847
2017-12-23,ili perc,2,US National,quantile,0.9,2018-01-06,6.066935882825237
2017-12-23,ili perc,2,US National,quantile,0.95,2018-01-06,6.501021125228627
2017-12-23,ili perc,2,US National,quantile,0.975,2018-01-06,7.111505176853098
2017-12-23,ili perc,2,US National,quantile,0.99,2018-01-06,8.098455851420296
2017-12-23,ili perc,3,US National,quantile,0.01,2018-01-13,2.7370332375077777
2017-12-23,ili perc,3,US National,quantile,0.025,2018-01-13,3.0285923475393655
2017-12-23,ili perc,3,US National,quantile,0.05,2018-01-13,3.2634292425284426
2017-12-23,ili perc,3,US National,quantile,0.1,2018-01-13,3.563455679265117
2017-12-23,ili perc,3,US National,quantile,0.15,2018-01-13,3.772416417802663
2017-12-23,ili perc,3,US National,quantile,0.2,2018-01-13,3.950217471860817
2017-12-23,ili perc,3,US National,quantile,0.25,2018-01-13,4.108766459781167
2017-12-23,ili perc,3,US National,quantile,0.3,2018-01-13,4.261949621377029
2017-12-23,ili perc,3,US National,quantile,0.35,2018-01-13,4.394388913001569
2017-12-23,ili perc,3,US National,quantile,0.4,2018-01-13,4.534108316955067
2017-12-23,ili perc,3,US National,quantile,0.45,2018-01-13,4.658327479174564
2017-12-23,ili perc,3,US National,quantile,0.5,2018-01-13,4.798126600453207
2017-12-23,ili perc,3,US National,quantile,0.55,2018-01-13,4.930148421547669
2017-12-23,ili perc,3,US National,quantile,0.6,2018-01-13,5.110818254164383
2017-12-23,ili perc,3,US National,quantile,0.65,2018-01-13,5.273805175755394
2017-12-23,ili perc,3,US National,quantile,0.7,2018-01-13,5.460636672371073
2017-12-23,ili perc,3,US National,quantile,0.75,2018-01-13,5.652000779369454
2017-12-23,ili perc,3,US National,quantile,0.8,2018-01-13,5.879769546072952
2017-12-23,ili perc,3,US National,quantile,0.85,2018-01-13,6.180722652111031
2017-12-23,ili perc,3,US National,quantile,0.9,2018-01-13,6.586331051369395
2017-12-23,ili perc,3,US National,quantile,0.95,2018-01-13,7.339184770681782
2017-12-23,ili perc,3,US National,quantile,0.975,2018-01-13,8.081085540803917
2017-12-23,ili perc,3,US National,quantile,0.99,2018-01-13,10.131365291139051
2017-12-23,ili perc,4,US National,quantile,0.01,2018-01-20,2.566377159958415
2017-12-23,ili perc,4,US National,quantile,0.025,2018-01-20,2.8148462361557254
2017-12-23,ili perc,4,US National,quantile,0.05,2018-01-20,3.0487801390314244
2017-12-23,ili perc,4,US National,quantile,0.1,2018-01-20,3.403091517554222
2017-12-23,ili perc,4,US National,quantile,0.15,2018-01-20,3.670705919035098
2017-12-23,ili perc,4,US National,quantile,0.2,2018-01-20,3.8876420578724225
2017-12-23,ili perc,4,US National,quantile,0.25,2018-01-20,4.064823532508802
2017-12-23,ili perc,4,US National,quantile,0.3,2018-01-20,4.239067251001747
2017-12-23,ili perc,4,US National,quantile,0.35,2018-01-20,4.412025164523775
2017-12-23,ili perc,4,US National,quantile,0.4,2018-01-20,4.585511939617285
2017-12-23,ili perc,4,US National,quantile,0.45,2018-01-20,4.746285580475234
2017-12-23,ili perc,4,US National,quantile,0.5,2018-01-20,4.95548603913432
2017-12-23,ili perc,4,US National,quantile,0.55,2018-01-20,5.140827433283233
2017-12-23,ili perc,4,US National,quantile,0.6,2018-01-20,5.327719263076703
2017-12-23,ili perc,4,US National,quantile,0.65,2018-01-20,5.552949488263135
2017-12-23,ili perc,4,US National,quantile,0.7,2018-01-20,5.8190393885227465
2017-12-23,ili perc,4,US National,quantile,0.75,2018-01-20,6.074947358877343
2017-12-23,ili perc,4,US National,quantile,0.8,2018-01-20,6.336076692925205
2017-12-23,ili perc,4,US National,quantile,0.85,2018-01-20,6.7762788362069
2017-12-23,ili perc,4,US National,quantile,0.9,2018-01-20,7.345408245173844
2017-12-23,ili perc,4,US National,quantile,0.95,2018-01-20,8.363401470965186
2017-12-23,ili perc,4,US National,quantile,0.975,2018-01-20,9.754265051703237
2017-12-23,ili perc,4,US National,quantile,0.99,2018-01-20,12.541063095684116
