origin_date,target,horizon,location,output_type,output_type_id,target_end_date,value
2017-04-01,ili perc,1,HHS Region 1,quantile,0.01,2017-04-08,0.7690385928333139
2017-04-01,ili perc,1,HHS Region 1,quantile,0.025,2017-04-08,0.917358629748233
2017-04-01,ili perc,1,HHS Region 1,quantile,0.05,2017-04-08,0.9997316798093181
2017-04-01,ili perc,1,HHS Region 1,quantile,0.1,2017-04-08,1.1223972122648611
2017-04-01,ili perc,1,HHS Region 1,quantile,0.15,2017-04-08,1.198675975886633
2017-04-01,ili perc,1,HHS Region 1,quantile,0.2,2017-04-08,1.2711365935947665
2017-04-01,ili perc,1,HHS Region 1,quantile,0.25,2017-04-08,1.3418986099212
2017-04-01,ili perc,1,HHS Region 1,quantile,0.3,2017-04-08,1.4052430731745356
2017-04-01,ili perc,1,HHS Region 1,quantile,0.35,2017-04-08,1.4507459881023022
2017-04-01,ili perc,1,HHS Region 1,quantile,0.4,2017-04-08,1.5068414168486042
2017-04-01,ili perc,1,HHS Region 1,quantile,0.45,2017-04-08,1.5769706149317588
2017-04-01,ili perc,1,HHS Region 1,quantile,0.5,2017-04-08,1.625251979334217
2017-04-01,ili perc,1,HHS Region 1,quantile,0.55,2017-04-08,1.6703607167248398
2017-04-01,ili perc,1,HHS Region 1,quantile,0.6,2017-04-08,1.7154570586612352
2017-04-01,ili perc,1,HHS Region 1,quantile,0.65,2017-04-08,1.7708244274666156
2017-04-01,ili perc,1,HHS Region 1,quantile,0.7,2017-04-08,1.8386500170018882
2017-04-01,ili perc,1,HHS Region 1,quantile,0.75,2017-04-08,1.9117891790369121
2017-04-01,ili perc,1,HHS Region 1,quantile,0.8,2017-04-08,2.0140875574023145
2017-04-01,ili perc,1,HHS Region 1,quantile,0.85,2017-04-08,2.123504588840299
2017-04-01,ili perc,1,HHS Region 1,quantile,0.9,2017-04-08,2.343139097317433
2017-04-01,ili perc,1,HHS Region 1,quantile,0.95,2017-04-08,3.130966043324885
2017-04-01,ili perc,1,HHS Region 1,quantile,0.975,2017-04-08,3.619065308206962
2017-04-01,ili perc,1,HHS Region 1,quantile,0.99,2017-04-08,4.123295169536693
2017-04-01,ili perc,2,HHS Region 1,quantile,0.01,2017-04-15,0.5331753111096225
2017-04-01,ili perc,2,HHS Region 1,quantile,0.025,2017-04-15,0.6877403668966063
2017-04-01,ili perc,2,HHS Region 1,quantile,0.05,2017-04-15,0.7938629626036643
2017-04-01,ili perc,2,HHS Region 1,quantile,0.1,2017-04-15,0.9341474378446588
2017-04-01,ili perc,2,HHS Region 1,quantile,0.15,2017-04-15,1.0199133649858985
2017-04-01,ili perc,2,HHS Region 1,quantile,0.2,2017-04-15,1.1067280166513564
2017-04-01,ili perc,2,HHS Region 1,quantile,0.25,2017-04-15,1.1951021072521362
2017-04-01,ili perc,2,HHS Region 1,quantile,0.3,2017-04-15,1.2718039074329832
2017-04-01,ili perc,2,HHS Region 1,quantile,0.35,2017-04-15,1.3267042158224223
2017-04-01,ili perc,2,HHS Region 1,quantile,0.4,2017-04-15,1.385234566948167
2017-04-01,ili perc,2,HHS Region 1,quantile,0.45,2017-04-15,1.4364069149837861
2017-04-01,ili perc,2,HHS Region 1,quantile,0.5,2017-04-15,1.5122050062315582
2017-04-01,ili perc,2,HHS Region 1,quantile,0.55,2017-04-15,1.5975584659282958
2017-04-01,ili perc,2,HHS Region 1,quantile,0.6,2017-04-15,1.662759527918479
2017-04-01,ili perc,2,HHS Region 1,quantile,0.65,2017-04-15,1.7444937748021898
2017-04-01,ili perc,2,HHS Region 1,quantile,0.7,2017-04-15,1.8255804760529706
2017-04-01,ili perc,2,HHS Region 1,quantile,0.75,2017-04-15,1.9117937263962284
2017-04-01,ili perc,2,HHS Region 1,quantile,0.8,2017-04-15,2.0139952229145974
2017-04-01,ili perc,2,HHS Region 1,quantile,0.85,2017-04-15,2.1557387587801395
2017-04-01,ili perc,2,HHS Region 1,quantile,0.9,2017-04-15,2.402324753390089
2017-04-01,ili perc,2,HHS Region 1,quantile,0.95,2017-04-15,3.217151381019422
2017-04-01,ili perc,2,HHS Region 1,quantile,0.975,2017-04-15,3.721381279662982
2017-04-01,ili perc,2,HHS Region 1,quantile,0.99,2017-04-15,4.3161008837324815
2017-04-01,ili perc,3,HHS Region 1,quantile,0.01,2017-04-22,0.41488657153845326
2017-04-01,ili perc,3,HHS Region 1,quantile,0.025,2017-04-22,0.5264023812719877
2017-04-01,ili perc,3,HHS Region 1,quantile,0.05,2017-04-22,0.6138293185533613
2017-04-01,ili perc,3,HHS Region 1,quantile,0.1,2017-04-22,0.8075089503849056
2017-04-01,ili perc,3,HHS Region 1,quantile,0.15,2017-04-22,0.9058050326864618
2017-04-01,ili perc,3,HHS Region 1,quantile,0.2,2017-04-22,0.9885310449876716
2017-04-01,ili perc,3,HHS Region 1,quantile,0.25,2017-04-22,1.0756431455249509
2017-04-01,ili perc,3,HHS Region 1,quantile,0.3,2017-04-22,1.1439124181204074
2017-04-01,ili perc,3,HHS Region 1,quantile,0.35,2017-04-22,1.243429654499663
2017-04-01,ili perc,3,HHS Region 1,quantile,0.4,2017-04-22,1.3098752363541966
2017-04-01,ili perc,3,HHS Region 1,quantile,0.45,2017-04-22,1.372728534316848
2017-04-01,ili perc,3,HHS Region 1,quantile,0.5,2017-04-22,1.4389633194050042
2017-04-01,ili perc,3,HHS Region 1,quantile,0.55,2017-04-22,1.518858302716714
2017-04-01,ili perc,3,HHS Region 1,quantile,0.6,2017-04-22,1.6055750293784041
2017-04-01,ili perc,3,HHS Region 1,quantile,0.65,2017-04-22,1.678951525304857
2017-04-01,ili perc,3,HHS Region 1,quantile,0.7,2017-04-22,1.7683534236426683
2017-04-01,ili perc,3,HHS Region 1,quantile,0.75,2017-04-22,1.8695130295875286
2017-04-01,ili perc,3,HHS Region 1,quantile,0.8,2017-04-22,2.0008874836431425
2017-04-01,ili perc,3,HHS Region 1,quantile,0.85,2017-04-22,2.171070406456216
2017-04-01,ili perc,3,HHS Region 1,quantile,0.9,2017-04-22,2.4936757821409787
2017-04-01,ili perc,3,HHS Region 1,quantile,0.95,2017-04-22,3.343689841454991
2017-04-01,ili perc,3,HHS Region 1,quantile,0.975,2017-04-22,3.948634414284988
2017-04-01,ili perc,3,HHS Region 1,quantile,0.99,2017-04-22,4.620575353472593
2017-04-01,ili perc,4,HHS Region 1,quantile,0.01,2017-04-29,0.3986841503993115
2017-04-01,ili perc,4,HHS Region 1,quantile,0.025,2017-04-29,0.48514847440542863
2017-04-01,ili perc,4,HHS Region 1,quantile,0.05,2017-04-29,0.5565220295515706
2017-04-01,ili perc,4,HHS Region 1,quantile,0.1,2017-04-29,0.6576882942294175
2017-04-01,ili perc,4,HHS Region 1,quantile,0.15,2017-04-29,0.7388792071715173
2017-04-01,ili perc,4,HHS Region 1,quantile,0.2,2017-04-29,0.8304867663485491
2017-04-01,ili perc,4,HHS Region 1,quantile,0.25,2017-04-29,0.9390880076388608
2017-04-01,ili perc,4,HHS Region 1,quantile,0.3,2017-04-29,1.0094658700080035
2017-04-01,ili perc,4,HHS Region 1,quantile,0.35,2017-04-29,1.086570223683528
2017-04-01,ili perc,4,HHS Region 1,quantile,0.4,2017-04-29,1.168671596529802
2017-04-01,ili perc,4,HHS Region 1,quantile,0.45,2017-04-29,1.2368651726787152
2017-04-01,ili perc,4,HHS Region 1,quantile,0.5,2017-04-29,1.3078617184112848
2017-04-01,ili perc,4,HHS Region 1,quantile,0.55,2017-04-29,1.3850528751508204
2017-04-01,ili perc,4,HHS Region 1,quantile,0.6,2017-04-29,1.4683124733058683
2017-04-01,ili perc,4,HHS Region 1,quantile,0.65,2017-04-29,1.5629893015447733
2017-04-01,ili perc,4,HHS Region 1,quantile,0.7,2017-04-29,1.6579521830971244
2017-04-01,ili perc,4,HHS Region 1,quantile,0.75,2017-04-29,1.7664494011216907
2017-04-01,ili perc,4,HHS Region 1,quantile,0.8,2017-04-29,1.9046016411314532
2017-04-01,ili perc,4,HHS Region 1,quantile,0.85,2017-04-29,2.06186680370891
2017-04-01,ili perc,4,HHS Region 1,quantile,0.9,2017-04-29,2.483564474315478
2017-04-01,ili perc,4,HHS Region 1,quantile,0.95,2017-04-29,3.3826323585669194
2017-04-01,ili perc,4,HHS Region 1,quantile,0.975,2017-04-29,4.024418300679978
2017-04-01,ili perc,4,HHS Region 1,quantile,0.99,2017-04-29,4.755036225491126
2017-04-01,ili perc,1,HHS Region 10,quantile,0.01,2017-04-08,0.23207473927446945
2017-04-01,ili perc,1,HHS Region 10,quantile,0.025,2017-04-08,0.29269889862079856
2017-04-01,ili perc,1,HHS Region 10,quantile,0.05,2017-04-08,0.3537277920557529
2017-04-01,ili perc,1,HHS Region 10,quantile,0.1,2017-04-08,0.46238145502534755
2017-04-01,ili perc,1,HHS Region 10,quantile,0.15,2017-04-08,0.5290701632272031
2017-04-01,ili perc,1,HHS Region 10,quantile,0.2,2017-04-08,0.6200918952605718
2017-04-01,ili perc,1,HHS Region 10,quantile,0.25,2017-04-08,0.6867486829370864
2017-04-01,ili perc,1,HHS Region 10,quantile,0.3,2017-04-08,0.7573728992019123
2017-04-01,ili perc,1,HHS Region 10,quantile,0.35,2017-04-08,0.8148163946925424
2017-04-01,ili perc,1,HHS Region 10,quantile,0.4,2017-04-08,0.871751641605192
2017-04-01,ili perc,1,HHS Region 10,quantile,0.45,2017-04-08,0.9368420492667079
2017-04-01,ili perc,1,HHS Region 10,quantile,0.5,2017-04-08,1.0343691911601725
2017-04-01,ili perc,1,HHS Region 10,quantile,0.55,2017-04-08,1.1295388195250333
2017-04-01,ili perc,1,HHS Region 10,quantile,0.6,2017-04-08,1.2035173069063678
2017-04-01,ili perc,1,HHS Region 10,quantile,0.65,2017-04-08,1.2772861303365426
2017-04-01,ili perc,1,HHS Region 10,quantile,0.7,2017-04-08,1.4083842007100826
2017-04-01,ili perc,1,HHS Region 10,quantile,0.75,2017-04-08,1.5254563050515213
2017-04-01,ili perc,1,HHS Region 10,quantile,0.8,2017-04-08,1.648103233268939
2017-04-01,ili perc,1,HHS Region 10,quantile,0.85,2017-04-08,1.8592385815782202
2017-04-01,ili perc,1,HHS Region 10,quantile,0.9,2017-04-08,2.259911707019322
2017-04-01,ili perc,1,HHS Region 10,quantile,0.95,2017-04-08,3.1360504904403625
2017-04-01,ili perc,1,HHS Region 10,quantile,0.975,2017-04-08,3.8056718562363647
2017-04-01,ili perc,1,HHS Region 10,quantile,0.99,2017-04-08,4.540428303079244
2017-04-01,ili perc,2,HHS Region 10,quantile,0.01,2017-04-15,0.12850090849632084
2017-04-01,ili perc,2,HHS Region 10,quantile,0.025,2017-04-15,0.19132684795160576
2017-04-01,ili perc,2,HHS Region 10,quantile,0.05,2017-04-15,0.23026633073649488
2017-04-01,ili perc,2,HHS Region 10,quantile,0.1,2017-04-15,0.29831737532105485
2017-04-01,ili perc,2,HHS Region 10,quantile,0.15,2017-04-15,0.348299130667432
2017-04-01,ili perc,2,HHS Region 10,quantile,0.2,2017-04-15,0.4395990144383528
2017-04-01,ili perc,2,HHS Region 10,quantile,0.25,2017-04-15,0.5341499022568431
2017-04-01,ili perc,2,HHS Region 10,quantile,0.3,2017-04-15,0.6504188155220763
2017-04-01,ili perc,2,HHS Region 10,quantile,0.35,2017-04-15,0.7464289307346993
2017-04-01,ili perc,2,HHS Region 10,quantile,0.4,2017-04-15,0.825973078439945
2017-04-01,ili perc,2,HHS Region 10,quantile,0.45,2017-04-15,0.9046938746298093
2017-04-01,ili perc,2,HHS Region 10,quantile,0.5,2017-04-15,0.9651708693394088
2017-04-01,ili perc,2,HHS Region 10,quantile,0.55,2017-04-15,1.0257152986131475
2017-04-01,ili perc,2,HHS Region 10,quantile,0.6,2017-04-15,1.1100271016025822
2017-04-01,ili perc,2,HHS Region 10,quantile,0.65,2017-04-15,1.1913846278615559
2017-04-01,ili perc,2,HHS Region 10,quantile,0.7,2017-04-15,1.275728404175508
2017-04-01,ili perc,2,HHS Region 10,quantile,0.75,2017-04-15,1.3959232468358986
2017-04-01,ili perc,2,HHS Region 10,quantile,0.8,2017-04-15,1.5451006025078962
2017-04-01,ili perc,2,HHS Region 10,quantile,0.85,2017-04-15,1.6934570558822082
2017-04-01,ili perc,2,HHS Region 10,quantile,0.9,2017-04-15,2.140060246808789
2017-04-01,ili perc,2,HHS Region 10,quantile,0.95,2017-04-15,2.9634104850716154
2017-04-01,ili perc,2,HHS Region 10,quantile,0.975,2017-04-15,3.6421747753023714
2017-04-01,ili perc,2,HHS Region 10,quantile,0.99,2017-04-15,4.446574786136794
2017-04-01,ili perc,3,HHS Region 10,quantile,0.01,2017-04-22,0.12335356045859532
2017-04-01,ili perc,3,HHS Region 10,quantile,0.025,2017-04-22,0.17236416308962516
2017-04-01,ili perc,3,HHS Region 10,quantile,0.05,2017-04-22,0.21812274899377995
2017-04-01,ili perc,3,HHS Region 10,quantile,0.1,2017-04-22,0.28054710076643774
2017-04-01,ili perc,3,HHS Region 10,quantile,0.15,2017-04-22,0.3322077155588894
2017-04-01,ili perc,3,HHS Region 10,quantile,0.2,2017-04-22,0.4077712208507324
2017-04-01,ili perc,3,HHS Region 10,quantile,0.25,2017-04-22,0.5219248146474784
2017-04-01,ili perc,3,HHS Region 10,quantile,0.3,2017-04-22,0.6262491253289987
2017-04-01,ili perc,3,HHS Region 10,quantile,0.35,2017-04-22,0.7175252827448259
2017-04-01,ili perc,3,HHS Region 10,quantile,0.4,2017-04-22,0.7906942841010905
2017-04-01,ili perc,3,HHS Region 10,quantile,0.45,2017-04-22,0.8648831625942314
2017-04-01,ili perc,3,HHS Region 10,quantile,0.5,2017-04-22,0.9692919708676686
2017-04-01,ili perc,3,HHS Region 10,quantile,0.55,2017-04-22,1.0641244853421494
2017-04-01,ili perc,3,HHS Region 10,quantile,0.6,2017-04-22,1.1463085256336165
2017-04-01,ili perc,3,HHS Region 10,quantile,0.65,2017-04-22,1.2372120365758121
2017-04-01,ili perc,3,HHS Region 10,quantile,0.7,2017-04-22,1.369208587636427
2017-04-01,ili perc,3,HHS Region 10,quantile,0.75,2017-04-22,1.46042943281491
2017-04-01,ili perc,3,HHS Region 10,quantile,0.8,2017-04-22,1.6330427927046645
2017-04-01,ili perc,3,HHS Region 10,quantile,0.85,2017-04-22,1.8339259821045455
2017-04-01,ili perc,3,HHS Region 10,quantile,0.9,2017-04-22,2.271806522097106
2017-04-01,ili perc,3,HHS Region 10,quantile,0.95,2017-04-22,3.2998615617496005
2017-04-01,ili perc,3,HHS Region 10,quantile,0.975,2017-04-22,3.9952557307493777
2017-04-01,ili perc,3,HHS Region 10,quantile,0.99,2017-04-22,4.8727337413484975
2017-04-01,ili perc,4,HHS Region 10,quantile,0.01,2017-04-29,0.0893597153024835
2017-04-01,ili perc,4,HHS Region 10,quantile,0.025,2017-04-29,0.12878533596435798
2017-04-01,ili perc,4,HHS Region 10,quantile,0.05,2017-04-29,0.16876716115056414
2017-04-01,ili perc,4,HHS Region 10,quantile,0.1,2017-04-29,0.2774145555896449
2017-04-01,ili perc,4,HHS Region 10,quantile,0.15,2017-04-29,0.35157230343675483
2017-04-01,ili perc,4,HHS Region 10,quantile,0.2,2017-04-29,0.426549399374922
2017-04-01,ili perc,4,HHS Region 10,quantile,0.25,2017-04-29,0.5278753733181939
2017-04-01,ili perc,4,HHS Region 10,quantile,0.3,2017-04-29,0.6172732534431922
2017-04-01,ili perc,4,HHS Region 10,quantile,0.35,2017-04-29,0.7037255673892832
2017-04-01,ili perc,4,HHS Region 10,quantile,0.4,2017-04-29,0.7855094556940145
2017-04-01,ili perc,4,HHS Region 10,quantile,0.45,2017-04-29,0.8564623436145423
2017-04-01,ili perc,4,HHS Region 10,quantile,0.5,2017-04-29,0.9420665503273198
2017-04-01,ili perc,4,HHS Region 10,quantile,0.55,2017-04-29,1.0252317367061867
2017-04-01,ili perc,4,HHS Region 10,quantile,0.6,2017-04-29,1.1235124741998292
2017-04-01,ili perc,4,HHS Region 10,quantile,0.65,2017-04-29,1.217907349598169
2017-04-01,ili perc,4,HHS Region 10,quantile,0.7,2017-04-29,1.317961106794716
2017-04-01,ili perc,4,HHS Region 10,quantile,0.75,2017-04-29,1.440722368480562
2017-04-01,ili perc,4,HHS Region 10,quantile,0.8,2017-04-29,1.6264124504230764
2017-04-01,ili perc,4,HHS Region 10,quantile,0.85,2017-04-29,1.78670555569719
2017-04-01,ili perc,4,HHS Region 10,quantile,0.9,2017-04-29,2.2408262545014224
2017-04-01,ili perc,4,HHS Region 10,quantile,0.95,2017-04-29,3.2745613783610494
2017-04-01,ili perc,4,HHS Region 10,quantile,0.975,2017-04-29,3.982055412283307
2017-04-01,ili perc,4,HHS Region 10,quantile,0.99,2017-04-29,4.9700119208673605
2017-04-01,ili perc,1,HHS Region 2,quantile,0.01,2017-04-08,1.5553895654351553
2017-04-01,ili perc,1,HHS Region 2,quantile,0.025,2017-04-08,1.7498185452000894
2017-04-01,ili perc,1,HHS Region 2,quantile,0.05,2017-04-08,1.8999943939306108
2017-04-01,ili perc,1,HHS Region 2,quantile,0.1,2017-04-08,2.098050288158917
2017-04-01,ili perc,1,HHS Region 2,quantile,0.15,2017-04-08,2.2364388655139265
2017-04-01,ili perc,1,HHS Region 2,quantile,0.2,2017-04-08,2.3652427376519682
2017-04-01,ili perc,1,HHS Region 2,quantile,0.25,2017-04-08,2.4638495690602245
2017-04-01,ili perc,1,HHS Region 2,quantile,0.3,2017-04-08,2.5760007024354747
2017-04-01,ili perc,1,HHS Region 2,quantile,0.35,2017-04-08,2.683768682913043
2017-04-01,ili perc,1,HHS Region 2,quantile,0.4,2017-04-08,2.7692906045188006
2017-04-01,ili perc,1,HHS Region 2,quantile,0.45,2017-04-08,2.8777471140734594
2017-04-01,ili perc,1,HHS Region 2,quantile,0.5,2017-04-08,2.9599600431883393
2017-04-01,ili perc,1,HHS Region 2,quantile,0.55,2017-04-08,3.0323553218319725
2017-04-01,ili perc,1,HHS Region 2,quantile,0.6,2017-04-08,3.110805753894491
2017-04-01,ili perc,1,HHS Region 2,quantile,0.65,2017-04-08,3.2052899082544806
2017-04-01,ili perc,1,HHS Region 2,quantile,0.7,2017-04-08,3.3031397110203176
2017-04-01,ili perc,1,HHS Region 2,quantile,0.75,2017-04-08,3.406590720061101
2017-04-01,ili perc,1,HHS Region 2,quantile,0.8,2017-04-08,3.573801015969443
2017-04-01,ili perc,1,HHS Region 2,quantile,0.85,2017-04-08,3.73630372967938
2017-04-01,ili perc,1,HHS Region 2,quantile,0.9,2017-04-08,3.969362001620182
2017-04-01,ili perc,1,HHS Region 2,quantile,0.95,2017-04-08,4.6993025795872425
2017-04-01,ili perc,1,HHS Region 2,quantile,0.975,2017-04-08,5.283307868400296
2017-04-01,ili perc,1,HHS Region 2,quantile,0.99,2017-04-08,6.008735115789532
2017-04-01,ili perc,2,HHS Region 2,quantile,0.01,2017-04-15,1.331667199857107
2017-04-01,ili perc,2,HHS Region 2,quantile,0.025,2017-04-15,1.5613385578043395
2017-04-01,ili perc,2,HHS Region 2,quantile,0.05,2017-04-15,1.7376813464538265
2017-04-01,ili perc,2,HHS Region 2,quantile,0.1,2017-04-15,1.9308180567830102
2017-04-01,ili perc,2,HHS Region 2,quantile,0.15,2017-04-15,2.0974776631139602
2017-04-01,ili perc,2,HHS Region 2,quantile,0.2,2017-04-15,2.233424415659914
2017-04-01,ili perc,2,HHS Region 2,quantile,0.25,2017-04-15,2.340979182514293
2017-04-01,ili perc,2,HHS Region 2,quantile,0.3,2017-04-15,2.4426474872498303
2017-04-01,ili perc,2,HHS Region 2,quantile,0.35,2017-04-15,2.5402192018159937
2017-04-01,ili perc,2,HHS Region 2,quantile,0.4,2017-04-15,2.6355712296169136
2017-04-01,ili perc,2,HHS Region 2,quantile,0.45,2017-04-15,2.740204606493519
2017-04-01,ili perc,2,HHS Region 2,quantile,0.5,2017-04-15,2.8426911708338434
2017-04-01,ili perc,2,HHS Region 2,quantile,0.55,2017-04-15,2.9457766779417045
2017-04-01,ili perc,2,HHS Region 2,quantile,0.6,2017-04-15,3.0578538188059383
2017-04-01,ili perc,2,HHS Region 2,quantile,0.65,2017-04-15,3.1801214101569117
2017-04-01,ili perc,2,HHS Region 2,quantile,0.7,2017-04-15,3.3283669814023353
2017-04-01,ili perc,2,HHS Region 2,quantile,0.75,2017-04-15,3.4590063400244078
2017-04-01,ili perc,2,HHS Region 2,quantile,0.8,2017-04-15,3.592921612976924
2017-04-01,ili perc,2,HHS Region 2,quantile,0.85,2017-04-15,3.772515915694245
2017-04-01,ili perc,2,HHS Region 2,quantile,0.9,2017-04-15,4.025171426855596
2017-04-01,ili perc,2,HHS Region 2,quantile,0.95,2017-04-15,4.857049279263871
2017-04-01,ili perc,2,HHS Region 2,quantile,0.975,2017-04-15,5.51898637797828
2017-04-01,ili perc,2,HHS Region 2,quantile,0.99,2017-04-15,6.266266761289993
2017-04-01,ili perc,3,HHS Region 2,quantile,0.01,2017-04-22,1.1588445108067889
2017-04-01,ili perc,3,HHS Region 2,quantile,0.025,2017-04-22,1.3708360825652228
2017-04-01,ili perc,3,HHS Region 2,quantile,0.05,2017-04-22,1.5298102727107836
2017-04-01,ili perc,3,HHS Region 2,quantile,0.1,2017-04-22,1.7557296605033705
2017-04-01,ili perc,3,HHS Region 2,quantile,0.15,2017-04-22,1.9093310413659403
2017-04-01,ili perc,3,HHS Region 2,quantile,0.2,2017-04-22,2.038809896664658
2017-04-01,ili perc,3,HHS Region 2,quantile,0.25,2017-04-22,2.1463947032400967
2017-04-01,ili perc,3,HHS Region 2,quantile,0.3,2017-04-22,2.2568084424066885
2017-04-01,ili perc,3,HHS Region 2,quantile,0.35,2017-04-22,2.3603510856057826
2017-04-01,ili perc,3,HHS Region 2,quantile,0.4,2017-04-22,2.4763929181564746
2017-04-01,ili perc,3,HHS Region 2,quantile,0.45,2017-04-22,2.595508124074195
2017-04-01,ili perc,3,HHS Region 2,quantile,0.5,2017-04-22,2.7145738922204217
2017-04-01,ili perc,3,HHS Region 2,quantile,0.55,2017-04-22,2.838309369822957
2017-04-01,ili perc,3,HHS Region 2,quantile,0.6,2017-04-22,2.9448824924552217
2017-04-01,ili perc,3,HHS Region 2,quantile,0.65,2017-04-22,3.065243947799345
2017-04-01,ili perc,3,HHS Region 2,quantile,0.7,2017-04-22,3.229145500746882
2017-04-01,ili perc,3,HHS Region 2,quantile,0.75,2017-04-22,3.3621531577275112
2017-04-01,ili perc,3,HHS Region 2,quantile,0.8,2017-04-22,3.533061286743939
2017-04-01,ili perc,3,HHS Region 2,quantile,0.85,2017-04-22,3.7247233532165036
2017-04-01,ili perc,3,HHS Region 2,quantile,0.9,2017-04-22,4.002146185811627
2017-04-01,ili perc,3,HHS Region 2,quantile,0.95,2017-04-22,4.882705995864176
2017-04-01,ili perc,3,HHS Region 2,quantile,0.975,2017-04-22,5.544270566409973
2017-04-01,ili perc,3,HHS Region 2,quantile,0.99,2017-04-22,6.290149982427211
2017-04-01,ili perc,4,HHS Region 2,quantile,0.01,2017-04-29,0.9436972912484033
2017-04-01,ili perc,4,HHS Region 2,quantile,0.025,2017-04-29,1.18670965327445
2017-04-01,ili perc,4,HHS Region 2,quantile,0.05,2017-04-29,1.3405610676852446
2017-04-01,ili perc,4,HHS Region 2,quantile,0.1,2017-04-29,1.5756467475183475
2017-04-01,ili perc,4,HHS Region 2,quantile,0.15,2017-04-29,1.7540904929212149
2017-04-01,ili perc,4,HHS Region 2,quantile,0.2,2017-04-29,1.8890556551289766
2017-04-01,ili perc,4,HHS Region 2,quantile,0.25,2017-04-29,2.0298216774184272
2017-04-01,ili perc,4,HHS Region 2,quantile,0.3,2017-04-29,2.1522357321495353
2017-04-01,ili perc,4,HHS Region 2,quantile,0.35,2017-04-29,2.272837266724617
2017-04-01,ili perc,4,HHS Region 2,quantile,0.4,2017-04-29,2.38763023111337
2017-04-01,ili perc,4,HHS Region 2,quantile,0.45,2017-04-29,2.5029049753640757
2017-04-01,ili perc,4,HHS Region 2,quantile,0.5,2017-04-29,2.6242226324105284
2017-04-01,ili perc,4,HHS Region 2,quantile,0.55,2017-04-29,2.757167995603399
2017-04-01,ili perc,4,HHS Region 2,quantile,0.6,2017-04-29,2.8896891388814345
2017-04-01,ili perc,4,HHS Region 2,quantile,0.65,2017-04-29,3.0290816655331017
2017-04-01,ili perc,4,HHS Region 2,quantile,0.7,2017-04-29,3.1471113639306934
2017-04-01,ili perc,4,HHS Region 2,quantile,0.75,2017-04-29,3.3206817068636694
2017-04-01,ili perc,4,HHS Region 2,quantile,0.8,2017-04-29,3.504321403551004
2017-04-01,ili perc,4,HHS Region 2,quantile,0.85,2017-04-29,3.712536477729943
2017-04-01,ili perc,4,HHS Region 2,quantile,0.9,2017-04-29,4.052277043104119
2017-04-01,ili perc,4,HHS Region 2,quantile,0.95,2017-04-29,4.91324606432142
2017-04-01,ili perc,4,HHS Region 2,quantile,0.975,2017-04-29,5.598070486930394
2017-04-01,ili perc,4,HHS Region 2,quantile,0.99,2017-04-29,6.356830109239517
2017-04-01,ili perc,1,HHS Region 3,quantile,0.01,2017-04-08,1.3828088508687837
2017-04-01,ili perc,1,HHS Region 3,quantile,0.025,2017-04-08,1.6065702780612603
2017-04-01,ili perc,1,HHS Region 3,quantile,0.05,2017-04-08,1.7355115638451455
2017-04-01,ili perc,1,HHS Region 3,quantile,0.1,2017-04-08,1.9160792129053947
2017-04-01,ili perc,1,HHS Region 3,quantile,0.15,2017-04-08,2.0243761284515474
2017-04-01,ili perc,1,HHS Region 3,quantile,0.2,2017-04-08,2.1350935707745333
2017-04-01,ili perc,1,HHS Region 3,quantile,0.25,2017-04-08,2.236165233124945
2017-04-01,ili perc,1,HHS Region 3,quantile,0.3,2017-04-08,2.3162361707193946
2017-04-01,ili perc,1,HHS Region 3,quantile,0.35,2017-04-08,2.3820381235056667
2017-04-01,ili perc,1,HHS Region 3,quantile,0.4,2017-04-08,2.437432990825037
2017-04-01,ili perc,1,HHS Region 3,quantile,0.45,2017-04-08,2.5021516765307164
2017-04-01,ili perc,1,HHS Region 3,quantile,0.5,2017-04-08,2.573756865931979
2017-04-01,ili perc,1,HHS Region 3,quantile,0.55,2017-04-08,2.63435397691581
2017-04-01,ili perc,1,HHS Region 3,quantile,0.6,2017-04-08,2.7008578364593006
2017-04-01,ili perc,1,HHS Region 3,quantile,0.65,2017-04-08,2.7869329862176406
2017-04-01,ili perc,1,HHS Region 3,quantile,0.7,2017-04-08,2.861522000941819
2017-04-01,ili perc,1,HHS Region 3,quantile,0.75,2017-04-08,2.9635641936806363
2017-04-01,ili perc,1,HHS Region 3,quantile,0.8,2017-04-08,3.076391100348257
2017-04-01,ili perc,1,HHS Region 3,quantile,0.85,2017-04-08,3.257872430065494
2017-04-01,ili perc,1,HHS Region 3,quantile,0.9,2017-04-08,3.456687856847558
2017-04-01,ili perc,1,HHS Region 3,quantile,0.95,2017-04-08,4.163817752598869
2017-04-01,ili perc,1,HHS Region 3,quantile,0.975,2017-04-08,4.6478219702893036
2017-04-01,ili perc,1,HHS Region 3,quantile,0.99,2017-04-08,5.2142256866493035
2017-04-01,ili perc,2,HHS Region 3,quantile,0.01,2017-04-15,1.0927257828938732
2017-04-01,ili perc,2,HHS Region 3,quantile,0.025,2017-04-15,1.302616875912013
2017-04-01,ili perc,2,HHS Region 3,quantile,0.05,2017-04-15,1.4478724583632625
2017-04-01,ili perc,2,HHS Region 3,quantile,0.1,2017-04-15,1.6413643754754776
2017-04-01,ili perc,2,HHS Region 3,quantile,0.15,2017-04-15,1.7820772751835001
2017-04-01,ili perc,2,HHS Region 3,quantile,0.2,2017-04-15,1.8896226957957185
2017-04-01,ili perc,2,HHS Region 3,quantile,0.25,2017-04-15,2.009561768097074
2017-04-01,ili perc,2,HHS Region 3,quantile,0.3,2017-04-15,2.1003018266851488
2017-04-01,ili perc,2,HHS Region 3,quantile,0.35,2017-04-15,2.1904640021627775
2017-04-01,ili perc,2,HHS Region 3,quantile,0.4,2017-04-15,2.273629827384274
2017-04-01,ili perc,2,HHS Region 3,quantile,0.45,2017-04-15,2.3574588976876334
2017-04-01,ili perc,2,HHS Region 3,quantile,0.5,2017-04-15,2.456438558054144
2017-04-01,ili perc,2,HHS Region 3,quantile,0.55,2017-04-15,2.555209894423104
2017-04-01,ili perc,2,HHS Region 3,quantile,0.6,2017-04-15,2.632213890624197
2017-04-01,ili perc,2,HHS Region 3,quantile,0.65,2017-04-15,2.734148778728531
2017-04-01,ili perc,2,HHS Region 3,quantile,0.7,2017-04-15,2.8228662494093872
2017-04-01,ili perc,2,HHS Region 3,quantile,0.75,2017-04-15,2.953582709755749
2017-04-01,ili perc,2,HHS Region 3,quantile,0.8,2017-04-15,3.09147155891522
2017-04-01,ili perc,2,HHS Region 3,quantile,0.85,2017-04-15,3.251756282091554
2017-04-01,ili perc,2,HHS Region 3,quantile,0.9,2017-04-15,3.5186740414831608
2017-04-01,ili perc,2,HHS Region 3,quantile,0.95,2017-04-15,4.347500940347624
2017-04-01,ili perc,2,HHS Region 3,quantile,0.975,2017-04-15,4.996334277199953
2017-04-01,ili perc,2,HHS Region 3,quantile,0.99,2017-04-15,5.654810592850135
2017-04-01,ili perc,3,HHS Region 3,quantile,0.01,2017-04-22,0.9283307010103805
2017-04-01,ili perc,3,HHS Region 3,quantile,0.025,2017-04-22,1.1201676620868017
2017-04-01,ili perc,3,HHS Region 3,quantile,0.05,2017-04-22,1.2534180959090413
2017-04-01,ili perc,3,HHS Region 3,quantile,0.1,2017-04-22,1.4659231282797034
2017-04-01,ili perc,3,HHS Region 3,quantile,0.15,2017-04-22,1.6201638718159923
2017-04-01,ili perc,3,HHS Region 3,quantile,0.2,2017-04-22,1.7568582463261488
2017-04-01,ili perc,3,HHS Region 3,quantile,0.25,2017-04-22,1.8698598664896666
2017-04-01,ili perc,3,HHS Region 3,quantile,0.3,2017-04-22,1.9640937290904237
2017-04-01,ili perc,3,HHS Region 3,quantile,0.35,2017-04-22,2.0687235824386137
2017-04-01,ili perc,3,HHS Region 3,quantile,0.4,2017-04-22,2.1492081550492528
2017-04-01,ili perc,3,HHS Region 3,quantile,0.45,2017-04-22,2.2447508133432503
2017-04-01,ili perc,3,HHS Region 3,quantile,0.5,2017-04-22,2.35083579303246
2017-04-01,ili perc,3,HHS Region 3,quantile,0.55,2017-04-22,2.4676282138270573
2017-04-01,ili perc,3,HHS Region 3,quantile,0.6,2017-04-22,2.5598544918609365
2017-04-01,ili perc,3,HHS Region 3,quantile,0.65,2017-04-22,2.65849671792943
2017-04-01,ili perc,3,HHS Region 3,quantile,0.7,2017-04-22,2.768184989861254
2017-04-01,ili perc,3,HHS Region 3,quantile,0.75,2017-04-22,2.924628356133437
2017-04-01,ili perc,3,HHS Region 3,quantile,0.8,2017-04-22,3.0745512105511406
2017-04-01,ili perc,3,HHS Region 3,quantile,0.85,2017-04-22,3.2637167835733534
2017-04-01,ili perc,3,HHS Region 3,quantile,0.9,2017-04-22,3.5748194600105423
2017-04-01,ili perc,3,HHS Region 3,quantile,0.95,2017-04-22,4.464918450314496
2017-04-01,ili perc,3,HHS Region 3,quantile,0.975,2017-04-22,5.023039065822732
2017-04-01,ili perc,3,HHS Region 3,quantile,0.99,2017-04-22,5.725151652682143
2017-04-01,ili perc,4,HHS Region 3,quantile,0.01,2017-04-29,0.8518467506095522
2017-04-01,ili perc,4,HHS Region 3,quantile,0.025,2017-04-29,0.9758152401673441
2017-04-01,ili perc,4,HHS Region 3,quantile,0.05,2017-04-29,1.0699070788917253
2017-04-01,ili perc,4,HHS Region 3,quantile,0.1,2017-04-29,1.2788819293708362
2017-04-01,ili perc,4,HHS Region 3,quantile,0.15,2017-04-29,1.449902790812854
2017-04-01,ili perc,4,HHS Region 3,quantile,0.2,2017-04-29,1.5937260240954716
2017-04-01,ili perc,4,HHS Region 3,quantile,0.25,2017-04-29,1.7316491460095627
2017-04-01,ili perc,4,HHS Region 3,quantile,0.3,2017-04-29,1.864550677715056
2017-04-01,ili perc,4,HHS Region 3,quantile,0.35,2017-04-29,1.978574857731504
2017-04-01,ili perc,4,HHS Region 3,quantile,0.4,2017-04-29,2.0911165514206798
2017-04-01,ili perc,4,HHS Region 3,quantile,0.45,2017-04-29,2.1999417563234376
2017-04-01,ili perc,4,HHS Region 3,quantile,0.5,2017-04-29,2.2923203260230385
2017-04-01,ili perc,4,HHS Region 3,quantile,0.55,2017-04-29,2.3803093859283564
2017-04-01,ili perc,4,HHS Region 3,quantile,0.6,2017-04-29,2.4902333720480723
2017-04-01,ili perc,4,HHS Region 3,quantile,0.65,2017-04-29,2.598038143249067
2017-04-01,ili perc,4,HHS Region 3,quantile,0.7,2017-04-29,2.7253847924233554
2017-04-01,ili perc,4,HHS Region 3,quantile,0.75,2017-04-29,2.8882574179516864
2017-04-01,ili perc,4,HHS Region 3,quantile,0.8,2017-04-29,3.0563702061195057
2017-04-01,ili perc,4,HHS Region 3,quantile,0.85,2017-04-29,3.290291285619681
2017-04-01,ili perc,4,HHS Region 3,quantile,0.9,2017-04-29,3.6244217726954826
2017-04-01,ili perc,4,HHS Region 3,quantile,0.95,2017-04-29,4.557967543553604
2017-04-01,ili perc,4,HHS Region 3,quantile,0.975,2017-04-29,5.189627620951191
2017-04-01,ili perc,4,HHS Region 3,quantile,0.99,2017-04-29,5.962452878043264
2017-04-01,ili perc,1,HHS Region 4,quantile,0.01,2017-04-08,1.4663037702303174
2017-04-01,ili perc,1,HHS Region 4,quantile,0.025,2017-04-08,1.659504932448916
2017-04-01,ili perc,1,HHS Region 4,quantile,0.05,2017-04-08,1.781248618255091
2017-04-01,ili perc,1,HHS Region 4,quantile,0.1,2017-04-08,1.964106876518569
2017-04-01,ili perc,1,HHS Region 4,quantile,0.15,2017-04-08,2.065389746228815
2017-04-01,ili perc,1,HHS Region 4,quantile,0.2,2017-04-08,2.171664022179434
2017-04-01,ili perc,1,HHS Region 4,quantile,0.25,2017-04-08,2.2570382245562617
2017-04-01,ili perc,1,HHS Region 4,quantile,0.3,2017-04-08,2.36670547188328
2017-04-01,ili perc,1,HHS Region 4,quantile,0.35,2017-04-08,2.4328946658542296
2017-04-01,ili perc,1,HHS Region 4,quantile,0.4,2017-04-08,2.501658263436883
2017-04-01,ili perc,1,HHS Region 4,quantile,0.45,2017-04-08,2.560583091731416
2017-04-01,ili perc,1,HHS Region 4,quantile,0.5,2017-04-08,2.6354806385866842
2017-04-01,ili perc,1,HHS Region 4,quantile,0.55,2017-04-08,2.7061405558625955
2017-04-01,ili perc,1,HHS Region 4,quantile,0.6,2017-04-08,2.779030114117428
2017-04-01,ili perc,1,HHS Region 4,quantile,0.65,2017-04-08,2.8607017275429367
2017-04-01,ili perc,1,HHS Region 4,quantile,0.7,2017-04-08,2.9413631119477786
2017-04-01,ili perc,1,HHS Region 4,quantile,0.75,2017-04-08,3.0375876549961647
2017-04-01,ili perc,1,HHS Region 4,quantile,0.8,2017-04-08,3.1529986900777893
2017-04-01,ili perc,1,HHS Region 4,quantile,0.85,2017-04-08,3.297892819286258
2017-04-01,ili perc,1,HHS Region 4,quantile,0.9,2017-04-08,3.5225255252077057
2017-04-01,ili perc,1,HHS Region 4,quantile,0.95,2017-04-08,4.239266350572298
2017-04-01,ili perc,1,HHS Region 4,quantile,0.975,2017-04-08,4.97262873360511
2017-04-01,ili perc,1,HHS Region 4,quantile,0.99,2017-04-08,5.741061568169947
2017-04-01,ili perc,2,HHS Region 4,quantile,0.01,2017-04-15,1.1873677490245136
2017-04-01,ili perc,2,HHS Region 4,quantile,0.025,2017-04-15,1.362887455728311
2017-04-01,ili perc,2,HHS Region 4,quantile,0.05,2017-04-15,1.4877843092709646
2017-04-01,ili perc,2,HHS Region 4,quantile,0.1,2017-04-15,1.6624404029264217
2017-04-01,ili perc,2,HHS Region 4,quantile,0.15,2017-04-15,1.8035559443675584
2017-04-01,ili perc,2,HHS Region 4,quantile,0.2,2017-04-15,1.926436536667129
2017-04-01,ili perc,2,HHS Region 4,quantile,0.25,2017-04-15,2.0308740253748785
2017-04-01,ili perc,2,HHS Region 4,quantile,0.3,2017-04-15,2.1184650493081674
2017-04-01,ili perc,2,HHS Region 4,quantile,0.35,2017-04-15,2.2076226225077837
2017-04-01,ili perc,2,HHS Region 4,quantile,0.4,2017-04-15,2.28414495275575
2017-04-01,ili perc,2,HHS Region 4,quantile,0.45,2017-04-15,2.359446596538068
2017-04-01,ili perc,2,HHS Region 4,quantile,0.5,2017-04-15,2.446352398145844
2017-04-01,ili perc,2,HHS Region 4,quantile,0.55,2017-04-15,2.52463723074983
2017-04-01,ili perc,2,HHS Region 4,quantile,0.6,2017-04-15,2.6099824023101124
2017-04-01,ili perc,2,HHS Region 4,quantile,0.65,2017-04-15,2.704163794085747
2017-04-01,ili perc,2,HHS Region 4,quantile,0.7,2017-04-15,2.8029288052762644
2017-04-01,ili perc,2,HHS Region 4,quantile,0.75,2017-04-15,2.897712978320034
2017-04-01,ili perc,2,HHS Region 4,quantile,0.8,2017-04-15,3.0231472649857527
2017-04-01,ili perc,2,HHS Region 4,quantile,0.85,2017-04-15,3.2299375735299383
2017-04-01,ili perc,2,HHS Region 4,quantile,0.9,2017-04-15,3.5230204817489823
2017-04-01,ili perc,2,HHS Region 4,quantile,0.95,2017-04-15,4.399844486075988
2017-04-01,ili perc,2,HHS Region 4,quantile,0.975,2017-04-15,5.219313016884175
2017-04-01,ili perc,2,HHS Region 4,quantile,0.99,2017-04-15,6.160204590284016
2017-04-01,ili perc,3,HHS Region 4,quantile,0.01,2017-04-22,0.951629767911622
2017-04-01,ili perc,3,HHS Region 4,quantile,0.025,2017-04-22,1.0855803581557295
2017-04-01,ili perc,3,HHS Region 4,quantile,0.05,2017-04-22,1.2026208909496696
2017-04-01,ili perc,3,HHS Region 4,quantile,0.1,2017-04-22,1.4060856253164882
2017-04-01,ili perc,3,HHS Region 4,quantile,0.15,2017-04-22,1.5660756499249997
2017-04-01,ili perc,3,HHS Region 4,quantile,0.2,2017-04-22,1.7161295011403372
2017-04-01,ili perc,3,HHS Region 4,quantile,0.25,2017-04-22,1.838462197539052
2017-04-01,ili perc,3,HHS Region 4,quantile,0.3,2017-04-22,1.934491664838191
2017-04-01,ili perc,3,HHS Region 4,quantile,0.35,2017-04-22,2.040835418492265
2017-04-01,ili perc,3,HHS Region 4,quantile,0.4,2017-04-22,2.1270757004055465
2017-04-01,ili perc,3,HHS Region 4,quantile,0.45,2017-04-22,2.2090926821167325
2017-04-01,ili perc,3,HHS Region 4,quantile,0.5,2017-04-22,2.30621676972693
2017-04-01,ili perc,3,HHS Region 4,quantile,0.55,2017-04-22,2.401244969973032
2017-04-01,ili perc,3,HHS Region 4,quantile,0.6,2017-04-22,2.4881470132583203
2017-04-01,ili perc,3,HHS Region 4,quantile,0.65,2017-04-22,2.585998636665824
2017-04-01,ili perc,3,HHS Region 4,quantile,0.7,2017-04-22,2.6990927726049945
2017-04-01,ili perc,3,HHS Region 4,quantile,0.75,2017-04-22,2.833598949321759
2017-04-01,ili perc,3,HHS Region 4,quantile,0.8,2017-04-22,2.996076493667494
2017-04-01,ili perc,3,HHS Region 4,quantile,0.85,2017-04-22,3.20486621332874
2017-04-01,ili perc,3,HHS Region 4,quantile,0.9,2017-04-22,3.528979935300626
2017-04-01,ili perc,3,HHS Region 4,quantile,0.95,2017-04-22,4.472574758540635
2017-04-01,ili perc,3,HHS Region 4,quantile,0.975,2017-04-22,5.4328399596189225
2017-04-01,ili perc,3,HHS Region 4,quantile,0.99,2017-04-22,6.66469126179013
2017-04-01,ili perc,4,HHS Region 4,quantile,0.01,2017-04-29,0.8735310019609972
2017-04-01,ili perc,4,HHS Region 4,quantile,0.025,2017-04-29,0.9915098042848914
2017-04-01,ili perc,4,HHS Region 4,quantile,0.05,2017-04-29,1.077672125621851
2017-04-01,ili perc,4,HHS Region 4,quantile,0.1,2017-04-29,1.1983869244247582
2017-04-01,ili perc,4,HHS Region 4,quantile,0.15,2017-04-29,1.333105503050288
2017-04-01,ili perc,4,HHS Region 4,quantile,0.2,2017-04-29,1.47679475170055
2017-04-01,ili perc,4,HHS Region 4,quantile,0.25,2017-04-29,1.6104800464462712
2017-04-01,ili perc,4,HHS Region 4,quantile,0.3,2017-04-29,1.720112057797279
2017-04-01,ili perc,4,HHS Region 4,quantile,0.35,2017-04-29,1.8208256151166822
2017-04-01,ili perc,4,HHS Region 4,quantile,0.4,2017-04-29,1.9251243183675868
2017-04-01,ili perc,4,HHS Region 4,quantile,0.45,2017-04-29,2.0137578483360543
2017-04-01,ili perc,4,HHS Region 4,quantile,0.5,2017-04-29,2.0997616175959988
2017-04-01,ili perc,4,HHS Region 4,quantile,0.55,2017-04-29,2.19522627848356
2017-04-01,ili perc,4,HHS Region 4,quantile,0.6,2017-04-29,2.3234461004796354
2017-04-01,ili perc,4,HHS Region 4,quantile,0.65,2017-04-29,2.4804986047403976
2017-04-01,ili perc,4,HHS Region 4,quantile,0.7,2017-04-29,2.6238792643917557
2017-04-01,ili perc,4,HHS Region 4,quantile,0.75,2017-04-29,2.7746079046672785
2017-04-01,ili perc,4,HHS Region 4,quantile,0.8,2017-04-29,2.941166309255411
2017-04-01,ili perc,4,HHS Region 4,quantile,0.85,2017-04-29,3.150307332707653
2017-04-01,ili perc,4,HHS Region 4,quantile,0.9,2017-04-29,3.5131254327081827
2017-04-01,ili perc,4,HHS Region 4,quantile,0.95,2017-04-29,4.561689969933438
2017-04-01,ili perc,4,HHS Region 4,quantile,0.975,2017-04-29,5.470189593666247
2017-04-01,ili perc,4,HHS Region 4,quantile,0.99,2017-04-29,6.4364695026431065
2017-04-01,ili perc,1,HHS Region 5,quantile,0.01,2017-04-08,0.9038597989957685
2017-04-01,ili perc,1,HHS Region 5,quantile,0.025,2017-04-08,1.0320858953575736
2017-04-01,ili perc,1,HHS Region 5,quantile,0.05,2017-04-08,1.1241036148229941
2017-04-01,ili perc,1,HHS Region 5,quantile,0.1,2017-04-08,1.2316772822581141
2017-04-01,ili perc,1,HHS Region 5,quantile,0.15,2017-04-08,1.3026829158149342
2017-04-01,ili perc,1,HHS Region 5,quantile,0.2,2017-04-08,1.4309649621994405
2017-04-01,ili perc,1,HHS Region 5,quantile,0.25,2017-04-08,1.494415721659683
2017-04-01,ili perc,1,HHS Region 5,quantile,0.3,2017-04-08,1.5493101977652888
2017-04-01,ili perc,1,HHS Region 5,quantile,0.35,2017-04-08,1.6167236417345732
2017-04-01,ili perc,1,HHS Region 5,quantile,0.4,2017-04-08,1.679869106408455
2017-04-01,ili perc,1,HHS Region 5,quantile,0.45,2017-04-08,1.7359940921407935
2017-04-01,ili perc,1,HHS Region 5,quantile,0.5,2017-04-08,1.7825749672687108
2017-04-01,ili perc,1,HHS Region 5,quantile,0.55,2017-04-08,1.8336283856934306
2017-04-01,ili perc,1,HHS Region 5,quantile,0.6,2017-04-08,1.8837234114798351
2017-04-01,ili perc,1,HHS Region 5,quantile,0.65,2017-04-08,1.9442917851617478
2017-04-01,ili perc,1,HHS Region 5,quantile,0.7,2017-04-08,2.0142590867897487
2017-04-01,ili perc,1,HHS Region 5,quantile,0.75,2017-04-08,2.0726627627952983
2017-04-01,ili perc,1,HHS Region 5,quantile,0.8,2017-04-08,2.157374231171297
2017-04-01,ili perc,1,HHS Region 5,quantile,0.85,2017-04-08,2.285786147351364
2017-04-01,ili perc,1,HHS Region 5,quantile,0.9,2017-04-08,2.5113580992554967
2017-04-01,ili perc,1,HHS Region 5,quantile,0.95,2017-04-08,3.243452292847236
2017-04-01,ili perc,1,HHS Region 5,quantile,0.975,2017-04-08,3.8408317855868215
2017-04-01,ili perc,1,HHS Region 5,quantile,0.99,2017-04-08,4.5468124250834325
2017-04-01,ili perc,2,HHS Region 5,quantile,0.01,2017-04-15,0.645333629004151
2017-04-01,ili perc,2,HHS Region 5,quantile,0.025,2017-04-15,0.7508038225613466
2017-04-01,ili perc,2,HHS Region 5,quantile,0.05,2017-04-15,0.8500343377043083
2017-04-01,ili perc,2,HHS Region 5,quantile,0.1,2017-04-15,0.9783251356345861
2017-04-01,ili perc,2,HHS Region 5,quantile,0.15,2017-04-15,1.0651786514164248
2017-04-01,ili perc,2,HHS Region 5,quantile,0.2,2017-04-15,1.168016518623156
2017-04-01,ili perc,2,HHS Region 5,quantile,0.25,2017-04-15,1.2514356843563563
2017-04-01,ili perc,2,HHS Region 5,quantile,0.3,2017-04-15,1.3280386850263428
2017-04-01,ili perc,2,HHS Region 5,quantile,0.35,2017-04-15,1.4001419004082158
2017-04-01,ili perc,2,HHS Region 5,quantile,0.4,2017-04-15,1.4682388440707392
2017-04-01,ili perc,2,HHS Region 5,quantile,0.45,2017-04-15,1.5302434459738508
2017-04-01,ili perc,2,HHS Region 5,quantile,0.5,2017-04-15,1.5850982479427973
2017-04-01,ili perc,2,HHS Region 5,quantile,0.55,2017-04-15,1.640803915348374
2017-04-01,ili perc,2,HHS Region 5,quantile,0.6,2017-04-15,1.698816012116024
2017-04-01,ili perc,2,HHS Region 5,quantile,0.65,2017-04-15,1.7585798932580288
2017-04-01,ili perc,2,HHS Region 5,quantile,0.7,2017-04-15,1.8249868804728975
2017-04-01,ili perc,2,HHS Region 5,quantile,0.75,2017-04-15,1.9029433281941688
2017-04-01,ili perc,2,HHS Region 5,quantile,0.8,2017-04-15,1.9900372494014658
2017-04-01,ili perc,2,HHS Region 5,quantile,0.85,2017-04-15,2.1069488427104988
2017-04-01,ili perc,2,HHS Region 5,quantile,0.9,2017-04-15,2.3864901733816044
2017-04-01,ili perc,2,HHS Region 5,quantile,0.95,2017-04-15,3.19586150072597
2017-04-01,ili perc,2,HHS Region 5,quantile,0.975,2017-04-15,3.74053918699113
2017-04-01,ili perc,2,HHS Region 5,quantile,0.99,2017-04-15,4.215981725499892
2017-04-01,ili perc,3,HHS Region 5,quantile,0.01,2017-04-22,0.5735580906336454
2017-04-01,ili perc,3,HHS Region 5,quantile,0.025,2017-04-22,0.6589712751414379
2017-04-01,ili perc,3,HHS Region 5,quantile,0.05,2017-04-22,0.7252911026444473
2017-04-01,ili perc,3,HHS Region 5,quantile,0.1,2017-04-22,0.8051465843416838
2017-04-01,ili perc,3,HHS Region 5,quantile,0.15,2017-04-22,0.8803652454545023
2017-04-01,ili perc,3,HHS Region 5,quantile,0.2,2017-04-22,0.9775395415001344
2017-04-01,ili perc,3,HHS Region 5,quantile,0.25,2017-04-22,1.065319496508977
2017-04-01,ili perc,3,HHS Region 5,quantile,0.3,2017-04-22,1.1500899332980943
2017-04-01,ili perc,3,HHS Region 5,quantile,0.35,2017-04-22,1.2345487930156347
2017-04-01,ili perc,3,HHS Region 5,quantile,0.4,2017-04-22,1.3064922441050955
2017-04-01,ili perc,3,HHS Region 5,quantile,0.45,2017-04-22,1.3750603352606818
2017-04-01,ili perc,3,HHS Region 5,quantile,0.5,2017-04-22,1.452407675180775
2017-04-01,ili perc,3,HHS Region 5,quantile,0.55,2017-04-22,1.5206305256690298
2017-04-01,ili perc,3,HHS Region 5,quantile,0.6,2017-04-22,1.5920125299172228
2017-04-01,ili perc,3,HHS Region 5,quantile,0.65,2017-04-22,1.6622200023017286
2017-04-01,ili perc,3,HHS Region 5,quantile,0.7,2017-04-22,1.7378868250538764
2017-04-01,ili perc,3,HHS Region 5,quantile,0.75,2017-04-22,1.8242071608605814
2017-04-01,ili perc,3,HHS Region 5,quantile,0.8,2017-04-22,1.930829789038708
2017-04-01,ili perc,3,HHS Region 5,quantile,0.85,2017-04-22,2.082015037792688
2017-04-01,ili perc,3,HHS Region 5,quantile,0.9,2017-04-22,2.4246623972821206
2017-04-01,ili perc,3,HHS Region 5,quantile,0.95,2017-04-22,3.2675544637018747
2017-04-01,ili perc,3,HHS Region 5,quantile,0.975,2017-04-22,3.8427764733152356
2017-04-01,ili perc,3,HHS Region 5,quantile,0.99,2017-04-22,4.341809432238771
2017-04-01,ili perc,4,HHS Region 5,quantile,0.01,2017-04-29,0.5263685931548198
2017-04-01,ili perc,4,HHS Region 5,quantile,0.025,2017-04-29,0.5873700017392459
2017-04-01,ili perc,4,HHS Region 5,quantile,0.05,2017-04-29,0.6482150852559515
2017-04-01,ili perc,4,HHS Region 5,quantile,0.1,2017-04-29,0.7325882292126693
2017-04-01,ili perc,4,HHS Region 5,quantile,0.15,2017-04-29,0.7955031998021505
2017-04-01,ili perc,4,HHS Region 5,quantile,0.2,2017-04-29,0.8801050022946318
2017-04-01,ili perc,4,HHS Region 5,quantile,0.25,2017-04-29,0.9403328289156261
2017-04-01,ili perc,4,HHS Region 5,quantile,0.3,2017-04-29,0.9923409992919568
2017-04-01,ili perc,4,HHS Region 5,quantile,0.35,2017-04-29,1.0798949394428885
2017-04-01,ili perc,4,HHS Region 5,quantile,0.4,2017-04-29,1.1514448371661388
2017-04-01,ili perc,4,HHS Region 5,quantile,0.45,2017-04-29,1.2181055079442962
2017-04-01,ili perc,4,HHS Region 5,quantile,0.5,2017-04-29,1.2941701973507187
2017-04-01,ili perc,4,HHS Region 5,quantile,0.55,2017-04-29,1.365984345825015
2017-04-01,ili perc,4,HHS Region 5,quantile,0.6,2017-04-29,1.4397713306359758
2017-04-01,ili perc,4,HHS Region 5,quantile,0.65,2017-04-29,1.514913933149877
2017-04-01,ili perc,4,HHS Region 5,quantile,0.7,2017-04-29,1.596002419523347
2017-04-01,ili perc,4,HHS Region 5,quantile,0.75,2017-04-29,1.6844078770703428
2017-04-01,ili perc,4,HHS Region 5,quantile,0.8,2017-04-29,1.8096601591536348
2017-04-01,ili perc,4,HHS Region 5,quantile,0.85,2017-04-29,1.9421999681044715
2017-04-01,ili perc,4,HHS Region 5,quantile,0.9,2017-04-29,2.2988650603915057
2017-04-01,ili perc,4,HHS Region 5,quantile,0.95,2017-04-29,3.2006042143440756
2017-04-01,ili perc,4,HHS Region 5,quantile,0.975,2017-04-29,3.80455659367513
2017-04-01,ili perc,4,HHS Region 5,quantile,0.99,2017-04-29,4.508879971063633
2017-04-01,ili perc,1,HHS Region 6,quantile,0.01,2017-04-08,1.2564654296477296
2017-04-01,ili perc,1,HHS Region 6,quantile,0.025,2017-04-08,1.5238278371178762
2017-04-01,ili perc,1,HHS Region 6,quantile,0.05,2017-04-08,1.7206400258940382
2017-04-01,ili perc,1,HHS Region 6,quantile,0.1,2017-04-08,2.020972320717449
2017-04-01,ili perc,1,HHS Region 6,quantile,0.15,2017-04-08,2.2154046271993697
2017-04-01,ili perc,1,HHS Region 6,quantile,0.2,2017-04-08,2.3654434837078675
2017-04-01,ili perc,1,HHS Region 6,quantile,0.25,2017-04-08,2.4871263068149125
2017-04-01,ili perc,1,HHS Region 6,quantile,0.3,2017-04-08,2.5820966532379788
2017-04-01,ili perc,1,HHS Region 6,quantile,0.35,2017-04-08,2.7093195776739627
2017-04-01,ili perc,1,HHS Region 6,quantile,0.4,2017-04-08,2.8002133693292657
2017-04-01,ili perc,1,HHS Region 6,quantile,0.45,2017-04-08,2.886756719364715
2017-04-01,ili perc,1,HHS Region 6,quantile,0.5,2017-04-08,2.972337792031908
2017-04-01,ili perc,1,HHS Region 6,quantile,0.55,2017-04-08,3.048141299705439
2017-04-01,ili perc,1,HHS Region 6,quantile,0.6,2017-04-08,3.1560430145547977
2017-04-01,ili perc,1,HHS Region 6,quantile,0.65,2017-04-08,3.261471431876512
2017-04-01,ili perc,1,HHS Region 6,quantile,0.7,2017-04-08,3.3807589105336704
2017-04-01,ili perc,1,HHS Region 6,quantile,0.75,2017-04-08,3.5011907527944675
2017-04-01,ili perc,1,HHS Region 6,quantile,0.8,2017-04-08,3.629912099204237
2017-04-01,ili perc,1,HHS Region 6,quantile,0.85,2017-04-08,3.8102613274372414
2017-04-01,ili perc,1,HHS Region 6,quantile,0.9,2017-04-08,4.073482482977227
2017-04-01,ili perc,1,HHS Region 6,quantile,0.95,2017-04-08,5.045008832665793
2017-04-01,ili perc,1,HHS Region 6,quantile,0.975,2017-04-08,5.705900604031963
2017-04-01,ili perc,1,HHS Region 6,quantile,0.99,2017-04-08,6.318866953972293
2017-04-01,ili perc,2,HHS Region 6,quantile,0.01,2017-04-15,1.0859492970607634
2017-04-01,ili perc,2,HHS Region 6,quantile,0.025,2017-04-15,1.2858832330137155
2017-04-01,ili perc,2,HHS Region 6,quantile,0.05,2017-04-15,1.4516173805084707
2017-04-01,ili perc,2,HHS Region 6,quantile,0.1,2017-04-15,1.7303502019382104
2017-04-01,ili perc,2,HHS Region 6,quantile,0.15,2017-04-15,1.9254313004357937
2017-04-01,ili perc,2,HHS Region 6,quantile,0.2,2017-04-15,2.084573723007263
2017-04-01,ili perc,2,HHS Region 6,quantile,0.25,2017-04-15,2.2237108906858167
2017-04-01,ili perc,2,HHS Region 6,quantile,0.3,2017-04-15,2.335993916432177
2017-04-01,ili perc,2,HHS Region 6,quantile,0.35,2017-04-15,2.486318724462778
2017-04-01,ili perc,2,HHS Region 6,quantile,0.4,2017-04-15,2.6166164216026955
2017-04-01,ili perc,2,HHS Region 6,quantile,0.45,2017-04-15,2.711031607720625
2017-04-01,ili perc,2,HHS Region 6,quantile,0.5,2017-04-15,2.8191978931881696
2017-04-01,ili perc,2,HHS Region 6,quantile,0.55,2017-04-15,2.9294588332795346
2017-04-01,ili perc,2,HHS Region 6,quantile,0.6,2017-04-15,3.033706668802035
2017-04-01,ili perc,2,HHS Region 6,quantile,0.65,2017-04-15,3.1577926221544503
2017-04-01,ili perc,2,HHS Region 6,quantile,0.7,2017-04-15,3.2895991324764506
2017-04-01,ili perc,2,HHS Region 6,quantile,0.75,2017-04-15,3.432694524805905
2017-04-01,ili perc,2,HHS Region 6,quantile,0.8,2017-04-15,3.64723773783723
2017-04-01,ili perc,2,HHS Region 6,quantile,0.85,2017-04-15,3.8423348491181115
2017-04-01,ili perc,2,HHS Region 6,quantile,0.9,2017-04-15,4.1689099736233395
2017-04-01,ili perc,2,HHS Region 6,quantile,0.95,2017-04-15,5.188713509195036
2017-04-01,ili perc,2,HHS Region 6,quantile,0.975,2017-04-15,5.920926546468694
2017-04-01,ili perc,2,HHS Region 6,quantile,0.99,2017-04-15,6.821923195123432
2017-04-01,ili perc,3,HHS Region 6,quantile,0.01,2017-04-22,0.9515272293006276
2017-04-01,ili perc,3,HHS Region 6,quantile,0.025,2017-04-22,1.1200868516523175
2017-04-01,ili perc,3,HHS Region 6,quantile,0.05,2017-04-22,1.269386355639065
2017-04-01,ili perc,3,HHS Region 6,quantile,0.1,2017-04-22,1.549593087627406
2017-04-01,ili perc,3,HHS Region 6,quantile,0.15,2017-04-22,1.6994413400036885
2017-04-01,ili perc,3,HHS Region 6,quantile,0.2,2017-04-22,1.8654004086460962
2017-04-01,ili perc,3,HHS Region 6,quantile,0.25,2017-04-22,2.004225278248251
2017-04-01,ili perc,3,HHS Region 6,quantile,0.3,2017-04-22,2.1180879541723323
2017-04-01,ili perc,3,HHS Region 6,quantile,0.35,2017-04-22,2.240527701076802
2017-04-01,ili perc,3,HHS Region 6,quantile,0.4,2017-04-22,2.3883249286762496
2017-04-01,ili perc,3,HHS Region 6,quantile,0.45,2017-04-22,2.499749986816081
2017-04-01,ili perc,3,HHS Region 6,quantile,0.5,2017-04-22,2.6323467675046652
2017-04-01,ili perc,3,HHS Region 6,quantile,0.55,2017-04-22,2.783844020830823
2017-04-01,ili perc,3,HHS Region 6,quantile,0.6,2017-04-22,2.90459700396478
2017-04-01,ili perc,3,HHS Region 6,quantile,0.65,2017-04-22,3.029744546703002
2017-04-01,ili perc,3,HHS Region 6,quantile,0.7,2017-04-22,3.1842004229745315
2017-04-01,ili perc,3,HHS Region 6,quantile,0.75,2017-04-22,3.352194850475922
2017-04-01,ili perc,3,HHS Region 6,quantile,0.8,2017-04-22,3.5371825683043094
2017-04-01,ili perc,3,HHS Region 6,quantile,0.85,2017-04-22,3.779170403220333
2017-04-01,ili perc,3,HHS Region 6,quantile,0.9,2017-04-22,4.125756083122628
2017-04-01,ili perc,3,HHS Region 6,quantile,0.95,2017-04-22,5.283648252872022
2017-04-01,ili perc,3,HHS Region 6,quantile,0.975,2017-04-22,6.11650417261186
2017-04-01,ili perc,3,HHS Region 6,quantile,0.99,2017-04-22,6.906166073657307
2017-04-01,ili perc,4,HHS Region 6,quantile,0.01,2017-04-29,0.89211971854338
2017-04-01,ili perc,4,HHS Region 6,quantile,0.025,2017-04-29,1.0282910114592534
2017-04-01,ili perc,4,HHS Region 6,quantile,0.05,2017-04-29,1.1668118341314937
2017-04-01,ili perc,4,HHS Region 6,quantile,0.1,2017-04-29,1.431802136223078
2017-04-01,ili perc,4,HHS Region 6,quantile,0.15,2017-04-29,1.5840517340686038
2017-04-01,ili perc,4,HHS Region 6,quantile,0.2,2017-04-29,1.7177658839564236
2017-04-01,ili perc,4,HHS Region 6,quantile,0.25,2017-04-29,1.8274226786424825
2017-04-01,ili perc,4,HHS Region 6,quantile,0.3,2017-04-29,1.9567084631501097
2017-04-01,ili perc,4,HHS Region 6,quantile,0.35,2017-04-29,2.089096590246101
2017-04-01,ili perc,4,HHS Region 6,quantile,0.4,2017-04-29,2.241780755054268
2017-04-01,ili perc,4,HHS Region 6,quantile,0.45,2017-04-29,2.3529683688797736
2017-04-01,ili perc,4,HHS Region 6,quantile,0.5,2017-04-29,2.5056063216021514
2017-04-01,ili perc,4,HHS Region 6,quantile,0.55,2017-04-29,2.6192988244949422
2017-04-01,ili perc,4,HHS Region 6,quantile,0.6,2017-04-29,2.7484424791545488
2017-04-01,ili perc,4,HHS Region 6,quantile,0.65,2017-04-29,2.878782033142217
2017-04-01,ili perc,4,HHS Region 6,quantile,0.7,2017-04-29,3.0263259158788687
2017-04-01,ili perc,4,HHS Region 6,quantile,0.75,2017-04-29,3.197064504306737
2017-04-01,ili perc,4,HHS Region 6,quantile,0.8,2017-04-29,3.388197268710758
2017-04-01,ili perc,4,HHS Region 6,quantile,0.85,2017-04-29,3.594658443708909
2017-04-01,ili perc,4,HHS Region 6,quantile,0.9,2017-04-29,3.9933829189379075
2017-04-01,ili perc,4,HHS Region 6,quantile,0.95,2017-04-29,5.102010025065692
2017-04-01,ili perc,4,HHS Region 6,quantile,0.975,2017-04-29,5.919729119813717
2017-04-01,ili perc,4,HHS Region 6,quantile,0.99,2017-04-29,6.763034492764691
2017-04-01,ili perc,1,HHS Region 7,quantile,0.01,2017-04-08,0.3802994193270635
2017-04-01,ili perc,1,HHS Region 7,quantile,0.025,2017-04-08,0.4904757010710613
2017-04-01,ili perc,1,HHS Region 7,quantile,0.05,2017-04-08,0.6031219453812238
2017-04-01,ili perc,1,HHS Region 7,quantile,0.1,2017-04-08,0.7749439465586475
2017-04-01,ili perc,1,HHS Region 7,quantile,0.15,2017-04-08,0.8609259145666233
2017-04-01,ili perc,1,HHS Region 7,quantile,0.2,2017-04-08,0.9247408435897955
2017-04-01,ili perc,1,HHS Region 7,quantile,0.25,2017-04-08,1.0085120686473805
2017-04-01,ili perc,1,HHS Region 7,quantile,0.3,2017-04-08,1.0956613084003415
2017-04-01,ili perc,1,HHS Region 7,quantile,0.35,2017-04-08,1.193686453691392
2017-04-01,ili perc,1,HHS Region 7,quantile,0.4,2017-04-08,1.2664020739987167
2017-04-01,ili perc,1,HHS Region 7,quantile,0.45,2017-04-08,1.3356284847501763
2017-04-01,ili perc,1,HHS Region 7,quantile,0.5,2017-04-08,1.407473908469528
2017-04-01,ili perc,1,HHS Region 7,quantile,0.55,2017-04-08,1.4768098128959672
2017-04-01,ili perc,1,HHS Region 7,quantile,0.6,2017-04-08,1.5478632956849618
2017-04-01,ili perc,1,HHS Region 7,quantile,0.65,2017-04-08,1.6255653042151388
2017-04-01,ili perc,1,HHS Region 7,quantile,0.7,2017-04-08,1.7332020263505377
2017-04-01,ili perc,1,HHS Region 7,quantile,0.75,2017-04-08,1.854696670167161
2017-04-01,ili perc,1,HHS Region 7,quantile,0.8,2017-04-08,2.019571961320257
2017-04-01,ili perc,1,HHS Region 7,quantile,0.85,2017-04-08,2.1912586648115346
2017-04-01,ili perc,1,HHS Region 7,quantile,0.9,2017-04-08,2.5305538193811707
2017-04-01,ili perc,1,HHS Region 7,quantile,0.95,2017-04-08,3.454617887710563
2017-04-01,ili perc,1,HHS Region 7,quantile,0.975,2017-04-08,4.077816470609208
2017-04-01,ili perc,1,HHS Region 7,quantile,0.99,2017-04-08,5.039282048368022
2017-04-01,ili perc,2,HHS Region 7,quantile,0.01,2017-04-15,0.26959078686527205
2017-04-01,ili perc,2,HHS Region 7,quantile,0.025,2017-04-15,0.33795152650187715
2017-04-01,ili perc,2,HHS Region 7,quantile,0.05,2017-04-15,0.43298388277647987
2017-04-01,ili perc,2,HHS Region 7,quantile,0.1,2017-04-15,0.6064578361039258
2017-04-01,ili perc,2,HHS Region 7,quantile,0.15,2017-04-15,0.6896870086089159
2017-04-01,ili perc,2,HHS Region 7,quantile,0.2,2017-04-15,0.7523813376113246
2017-04-01,ili perc,2,HHS Region 7,quantile,0.25,2017-04-15,0.8521265107041344
2017-04-01,ili perc,2,HHS Region 7,quantile,0.3,2017-04-15,0.9343205560454392
2017-04-01,ili perc,2,HHS Region 7,quantile,0.35,2017-04-15,1.0162718947107001
2017-04-01,ili perc,2,HHS Region 7,quantile,0.4,2017-04-15,1.1125102421443045
2017-04-01,ili perc,2,HHS Region 7,quantile,0.45,2017-04-15,1.1955649654575682
2017-04-01,ili perc,2,HHS Region 7,quantile,0.5,2017-04-15,1.2682201922705165
2017-04-01,ili perc,2,HHS Region 7,quantile,0.55,2017-04-15,1.334124592203415
2017-04-01,ili perc,2,HHS Region 7,quantile,0.6,2017-04-15,1.4576135420424847
2017-04-01,ili perc,2,HHS Region 7,quantile,0.65,2017-04-15,1.5624418317400113
2017-04-01,ili perc,2,HHS Region 7,quantile,0.7,2017-04-15,1.6687493482015103
2017-04-01,ili perc,2,HHS Region 7,quantile,0.75,2017-04-15,1.7733985273304227
2017-04-01,ili perc,2,HHS Region 7,quantile,0.8,2017-04-15,1.9047627870215154
2017-04-01,ili perc,2,HHS Region 7,quantile,0.85,2017-04-15,2.088874402624585
2017-04-01,ili perc,2,HHS Region 7,quantile,0.9,2017-04-15,2.4961130030625895
2017-04-01,ili perc,2,HHS Region 7,quantile,0.95,2017-04-15,3.4077067845384317
2017-04-01,ili perc,2,HHS Region 7,quantile,0.975,2017-04-15,4.1288284833005955
2017-04-01,ili perc,2,HHS Region 7,quantile,0.99,2017-04-15,5.244242877989837
2017-04-01,ili perc,3,HHS Region 7,quantile,0.01,2017-04-22,0.1961374123055826
2017-04-01,ili perc,3,HHS Region 7,quantile,0.025,2017-04-22,0.2687584868007212
2017-04-01,ili perc,3,HHS Region 7,quantile,0.05,2017-04-22,0.3391224413836003
2017-04-01,ili perc,3,HHS Region 7,quantile,0.1,2017-04-22,0.42906100244780254
2017-04-01,ili perc,3,HHS Region 7,quantile,0.15,2017-04-22,0.546037542659482
2017-04-01,ili perc,3,HHS Region 7,quantile,0.2,2017-04-22,0.6304395566969595
2017-04-01,ili perc,3,HHS Region 7,quantile,0.25,2017-04-22,0.7150012899998514
2017-04-01,ili perc,3,HHS Region 7,quantile,0.3,2017-04-22,0.7842534890936573
2017-04-01,ili perc,3,HHS Region 7,quantile,0.35,2017-04-22,0.8730334040776142
2017-04-01,ili perc,3,HHS Region 7,quantile,0.4,2017-04-22,0.9720637930022736
2017-04-01,ili perc,3,HHS Region 7,quantile,0.45,2017-04-22,1.068521546372801
2017-04-01,ili perc,3,HHS Region 7,quantile,0.5,2017-04-22,1.1639709805047385
2017-04-01,ili perc,3,HHS Region 7,quantile,0.55,2017-04-22,1.2453991895201704
2017-04-01,ili perc,3,HHS Region 7,quantile,0.6,2017-04-22,1.3294221767695416
2017-04-01,ili perc,3,HHS Region 7,quantile,0.65,2017-04-22,1.4266203102277801
2017-04-01,ili perc,3,HHS Region 7,quantile,0.7,2017-04-22,1.5455626922436732
2017-04-01,ili perc,3,HHS Region 7,quantile,0.75,2017-04-22,1.6983642969158106
2017-04-01,ili perc,3,HHS Region 7,quantile,0.8,2017-04-22,1.8459123000252504
2017-04-01,ili perc,3,HHS Region 7,quantile,0.85,2017-04-22,2.023366216498316
2017-04-01,ili perc,3,HHS Region 7,quantile,0.9,2017-04-22,2.4588153494758846
2017-04-01,ili perc,3,HHS Region 7,quantile,0.95,2017-04-22,3.5281416714181786
2017-04-01,ili perc,3,HHS Region 7,quantile,0.975,2017-04-22,4.343348266331545
2017-04-01,ili perc,3,HHS Region 7,quantile,0.99,2017-04-22,5.699032637763247
2017-04-01,ili perc,4,HHS Region 7,quantile,0.01,2017-04-29,0.15341813413504146
2017-04-01,ili perc,4,HHS Region 7,quantile,0.025,2017-04-29,0.20668286015525728
2017-04-01,ili perc,4,HHS Region 7,quantile,0.05,2017-04-29,0.2611713192504953
2017-04-01,ili perc,4,HHS Region 7,quantile,0.1,2017-04-29,0.36088431775901586
2017-04-01,ili perc,4,HHS Region 7,quantile,0.15,2017-04-29,0.47101587375283266
2017-04-01,ili perc,4,HHS Region 7,quantile,0.2,2017-04-29,0.5719716936758341
2017-04-01,ili perc,4,HHS Region 7,quantile,0.25,2017-04-29,0.6658725539724165
2017-04-01,ili perc,4,HHS Region 7,quantile,0.3,2017-04-29,0.7306665955381283
2017-04-01,ili perc,4,HHS Region 7,quantile,0.35,2017-04-29,0.7911648417380895
2017-04-01,ili perc,4,HHS Region 7,quantile,0.4,2017-04-29,0.8615769351609386
2017-04-01,ili perc,4,HHS Region 7,quantile,0.45,2017-04-29,0.9554951476801028
2017-04-01,ili perc,4,HHS Region 7,quantile,0.5,2017-04-29,1.0501887975469395
2017-04-01,ili perc,4,HHS Region 7,quantile,0.55,2017-04-29,1.1431485035630404
2017-04-01,ili perc,4,HHS Region 7,quantile,0.6,2017-04-29,1.228626668427081
2017-04-01,ili perc,4,HHS Region 7,quantile,0.65,2017-04-29,1.3324289380184147
2017-04-01,ili perc,4,HHS Region 7,quantile,0.7,2017-04-29,1.4580872724796323
2017-04-01,ili perc,4,HHS Region 7,quantile,0.75,2017-04-29,1.5844149918892545
2017-04-01,ili perc,4,HHS Region 7,quantile,0.8,2017-04-29,1.7338166772090793
2017-04-01,ili perc,4,HHS Region 7,quantile,0.85,2017-04-29,1.9239102448448782
2017-04-01,ili perc,4,HHS Region 7,quantile,0.9,2017-04-29,2.3897471025281884
2017-04-01,ili perc,4,HHS Region 7,quantile,0.95,2017-04-29,3.399844353308372
2017-04-01,ili perc,4,HHS Region 7,quantile,0.975,2017-04-29,4.1785603368960365
2017-04-01,ili perc,4,HHS Region 7,quantile,0.99,2017-04-29,5.217273275882239
2017-04-01,ili perc,1,HHS Region 8,quantile,0.01,2017-04-08,0.40199560704580645
2017-04-01,ili perc,1,HHS Region 8,quantile,0.025,2017-04-08,0.4795405233987775
2017-04-01,ili perc,1,HHS Region 8,quantile,0.05,2017-04-08,0.5420665533029162
2017-04-01,ili perc,1,HHS Region 8,quantile,0.1,2017-04-08,0.6644335367141655
2017-04-01,ili perc,1,HHS Region 8,quantile,0.15,2017-04-08,0.728353823290997
2017-04-01,ili perc,1,HHS Region 8,quantile,0.2,2017-04-08,0.7999950029487238
2017-04-01,ili perc,1,HHS Region 8,quantile,0.25,2017-04-08,0.8655008990979369
2017-04-01,ili perc,1,HHS Region 8,quantile,0.3,2017-04-08,0.9253515978453456
2017-04-01,ili perc,1,HHS Region 8,quantile,0.35,2017-04-08,0.9722033676346618
2017-04-01,ili perc,1,HHS Region 8,quantile,0.4,2017-04-08,1.0219708272131294
2017-04-01,ili perc,1,HHS Region 8,quantile,0.45,2017-04-08,1.070787336484875
2017-04-01,ili perc,1,HHS Region 8,quantile,0.5,2017-04-08,1.1204499236978671
2017-04-01,ili perc,1,HHS Region 8,quantile,0.55,2017-04-08,1.1815325849367864
2017-04-01,ili perc,1,HHS Region 8,quantile,0.6,2017-04-08,1.2312396336033198
2017-04-01,ili perc,1,HHS Region 8,quantile,0.65,2017-04-08,1.2949604536651669
2017-04-01,ili perc,1,HHS Region 8,quantile,0.7,2017-04-08,1.3553353080658024
2017-04-01,ili perc,1,HHS Region 8,quantile,0.75,2017-04-08,1.438527130671668
2017-04-01,ili perc,1,HHS Region 8,quantile,0.8,2017-04-08,1.5301787975686139
2017-04-01,ili perc,1,HHS Region 8,quantile,0.85,2017-04-08,1.6285622062024965
2017-04-01,ili perc,1,HHS Region 8,quantile,0.9,2017-04-08,1.9669831338844757
2017-04-01,ili perc,1,HHS Region 8,quantile,0.95,2017-04-08,2.7915891079496267
2017-04-01,ili perc,1,HHS Region 8,quantile,0.975,2017-04-08,3.299433657901097
2017-04-01,ili perc,1,HHS Region 8,quantile,0.99,2017-04-08,4.410520956364435
2017-04-01,ili perc,2,HHS Region 8,quantile,0.01,2017-04-15,0.28636488946210137
2017-04-01,ili perc,2,HHS Region 8,quantile,0.025,2017-04-15,0.3381612842326638
2017-04-01,ili perc,2,HHS Region 8,quantile,0.05,2017-04-15,0.3862601375650408
2017-04-01,ili perc,2,HHS Region 8,quantile,0.1,2017-04-15,0.4590682759713549
2017-04-01,ili perc,2,HHS Region 8,quantile,0.15,2017-04-15,0.5480223591980168
2017-04-01,ili perc,2,HHS Region 8,quantile,0.2,2017-04-15,0.6718372379087029
2017-04-01,ili perc,2,HHS Region 8,quantile,0.25,2017-04-15,0.753435630371716
2017-04-01,ili perc,2,HHS Region 8,quantile,0.3,2017-04-15,0.8095025005041241
2017-04-01,ili perc,2,HHS Region 8,quantile,0.35,2017-04-15,0.8656994352955656
2017-04-01,ili perc,2,HHS Region 8,quantile,0.4,2017-04-15,0.9194059492578015
2017-04-01,ili perc,2,HHS Region 8,quantile,0.45,2017-04-15,0.9804434366832433
2017-04-01,ili perc,2,HHS Region 8,quantile,0.5,2017-04-15,1.0276045875243345
2017-04-01,ili perc,2,HHS Region 8,quantile,0.55,2017-04-15,1.0761583141878597
2017-04-01,ili perc,2,HHS Region 8,quantile,0.6,2017-04-15,1.1254199450367761
2017-04-01,ili perc,2,HHS Region 8,quantile,0.65,2017-04-15,1.1909692725026997
2017-04-01,ili perc,2,HHS Region 8,quantile,0.7,2017-04-15,1.2568896261365912
2017-04-01,ili perc,2,HHS Region 8,quantile,0.75,2017-04-15,1.3361102138349916
2017-04-01,ili perc,2,HHS Region 8,quantile,0.8,2017-04-15,1.4393079832769515
2017-04-01,ili perc,2,HHS Region 8,quantile,0.85,2017-04-15,1.55749261524086
2017-04-01,ili perc,2,HHS Region 8,quantile,0.9,2017-04-15,1.9116590991470022
2017-04-01,ili perc,2,HHS Region 8,quantile,0.95,2017-04-15,2.6987257684942016
2017-04-01,ili perc,2,HHS Region 8,quantile,0.975,2017-04-15,3.423006483119898
2017-04-01,ili perc,2,HHS Region 8,quantile,0.99,2017-04-15,4.945511264523996
2017-04-01,ili perc,3,HHS Region 8,quantile,0.01,2017-04-22,0.23807178960751219
2017-04-01,ili perc,3,HHS Region 8,quantile,0.025,2017-04-22,0.288680856426729
2017-04-01,ili perc,3,HHS Region 8,quantile,0.05,2017-04-22,0.3289117147552294
2017-04-01,ili perc,3,HHS Region 8,quantile,0.1,2017-04-22,0.40591717911989667
2017-04-01,ili perc,3,HHS Region 8,quantile,0.15,2017-04-22,0.48191973369506935
2017-04-01,ili perc,3,HHS Region 8,quantile,0.2,2017-04-22,0.5807642965545695
2017-04-01,ili perc,3,HHS Region 8,quantile,0.25,2017-04-22,0.6579442955548458
2017-04-01,ili perc,3,HHS Region 8,quantile,0.3,2017-04-22,0.7216654662260168
2017-04-01,ili perc,3,HHS Region 8,quantile,0.35,2017-04-22,0.7852942929652752
2017-04-01,ili perc,3,HHS Region 8,quantile,0.4,2017-04-22,0.8497123166103518
2017-04-01,ili perc,3,HHS Region 8,quantile,0.45,2017-04-22,0.9057589918069484
2017-04-01,ili perc,3,HHS Region 8,quantile,0.5,2017-04-22,0.9664347388018538
2017-04-01,ili perc,3,HHS Region 8,quantile,0.55,2017-04-22,1.0239635297460175
2017-04-01,ili perc,3,HHS Region 8,quantile,0.6,2017-04-22,1.0908989037534849
2017-04-01,ili perc,3,HHS Region 8,quantile,0.65,2017-04-22,1.1475747655400246
2017-04-01,ili perc,3,HHS Region 8,quantile,0.7,2017-04-22,1.2257105590138955
2017-04-01,ili perc,3,HHS Region 8,quantile,0.75,2017-04-22,1.3071583724441993
2017-04-01,ili perc,3,HHS Region 8,quantile,0.8,2017-04-22,1.3985047616895807
2017-04-01,ili perc,3,HHS Region 8,quantile,0.85,2017-04-22,1.503718117553551
2017-04-01,ili perc,3,HHS Region 8,quantile,0.9,2017-04-22,1.876675296926358
2017-04-01,ili perc,3,HHS Region 8,quantile,0.95,2017-04-22,2.710534192424589
2017-04-01,ili perc,3,HHS Region 8,quantile,0.975,2017-04-22,3.369503850877706
2017-04-01,ili perc,3,HHS Region 8,quantile,0.99,2017-04-22,4.465467361919482
2017-04-01,ili perc,4,HHS Region 8,quantile,0.01,2017-04-29,0.1822541308838937
2017-04-01,ili perc,4,HHS Region 8,quantile,0.025,2017-04-29,0.22554769777586553
2017-04-01,ili perc,4,HHS Region 8,quantile,0.05,2017-04-29,0.26828037046349335
2017-04-01,ili perc,4,HHS Region 8,quantile,0.1,2017-04-29,0.3408430481037719
2017-04-01,ili perc,4,HHS Region 8,quantile,0.15,2017-04-29,0.39361173028415963
2017-04-01,ili perc,4,HHS Region 8,quantile,0.2,2017-04-29,0.45567273429128435
2017-04-01,ili perc,4,HHS Region 8,quantile,0.25,2017-04-29,0.5173094497539
2017-04-01,ili perc,4,HHS Region 8,quantile,0.3,2017-04-29,0.5834251135329444
2017-04-01,ili perc,4,HHS Region 8,quantile,0.35,2017-04-29,0.6445175184250669
2017-04-01,ili perc,4,HHS Region 8,quantile,0.4,2017-04-29,0.7120346169721884
2017-04-01,ili perc,4,HHS Region 8,quantile,0.45,2017-04-29,0.77367528479354
2017-04-01,ili perc,4,HHS Region 8,quantile,0.5,2017-04-29,0.8518589057935988
2017-04-01,ili perc,4,HHS Region 8,quantile,0.55,2017-04-29,0.935102422274881
2017-04-01,ili perc,4,HHS Region 8,quantile,0.6,2017-04-29,1.034657627392611
2017-04-01,ili perc,4,HHS Region 8,quantile,0.65,2017-04-29,1.109827015516498
2017-04-01,ili perc,4,HHS Region 8,quantile,0.7,2017-04-29,1.1912915600247653
2017-04-01,ili perc,4,HHS Region 8,quantile,0.75,2017-04-29,1.2912023353983582
2017-04-01,ili perc,4,HHS Region 8,quantile,0.8,2017-04-29,1.3858412041132624
2017-04-01,ili perc,4,HHS Region 8,quantile,0.85,2017-04-29,1.525199311376799
2017-04-01,ili perc,4,HHS Region 8,quantile,0.9,2017-04-29,1.9148248014792097
2017-04-01,ili perc,4,HHS Region 8,quantile,0.95,2017-04-29,2.7433666056897903
2017-04-01,ili perc,4,HHS Region 8,quantile,0.975,2017-04-29,3.3431864735141117
2017-04-01,ili perc,4,HHS Region 8,quantile,0.99,2017-04-29,4.276439826854512
2017-04-01,ili perc,1,HHS Region 9,quantile,0.01,2017-04-08,0.8011478939701064
2017-04-01,ili perc,1,HHS Region 9,quantile,0.025,2017-04-08,0.9225217028980773
2017-04-01,ili perc,1,HHS Region 9,quantile,0.05,2017-04-08,1.0316426900574254
2017-04-01,ili perc,1,HHS Region 9,quantile,0.1,2017-04-08,1.2447313853510655
2017-04-01,ili perc,1,HHS Region 9,quantile,0.15,2017-04-08,1.3644137147347002
2017-04-01,ili perc,1,HHS Region 9,quantile,0.2,2017-04-08,1.4719409577470262
2017-04-01,ili perc,1,HHS Region 9,quantile,0.25,2017-04-08,1.6086130057375354
2017-04-01,ili perc,1,HHS Region 9,quantile,0.3,2017-04-08,1.7047916026167402
2017-04-01,ili perc,1,HHS Region 9,quantile,0.35,2017-04-08,1.7636876016687661
2017-04-01,ili perc,1,HHS Region 9,quantile,0.4,2017-04-08,1.823635815848701
2017-04-01,ili perc,1,HHS Region 9,quantile,0.45,2017-04-08,1.8852976574754436
2017-04-01,ili perc,1,HHS Region 9,quantile,0.5,2017-04-08,1.9346780104616679
2017-04-01,ili perc,1,HHS Region 9,quantile,0.55,2017-04-08,1.9933522940764745
2017-04-01,ili perc,1,HHS Region 9,quantile,0.6,2017-04-08,2.056111990555275
2017-04-01,ili perc,1,HHS Region 9,quantile,0.65,2017-04-08,2.127074643252924
2017-04-01,ili perc,1,HHS Region 9,quantile,0.7,2017-04-08,2.2069773088820863
2017-04-01,ili perc,1,HHS Region 9,quantile,0.75,2017-04-08,2.2813259349402646
2017-04-01,ili perc,1,HHS Region 9,quantile,0.8,2017-04-08,2.395351297347943
2017-04-01,ili perc,1,HHS Region 9,quantile,0.85,2017-04-08,2.561275335631728
2017-04-01,ili perc,1,HHS Region 9,quantile,0.9,2017-04-08,2.89917071537534
2017-04-01,ili perc,1,HHS Region 9,quantile,0.95,2017-04-08,3.7791777131275746
2017-04-01,ili perc,1,HHS Region 9,quantile,0.975,2017-04-08,4.325729119305771
2017-04-01,ili perc,1,HHS Region 9,quantile,0.99,2017-04-08,4.811708537228051
2017-04-01,ili perc,2,HHS Region 9,quantile,0.01,2017-04-15,0.6742546184631794
2017-04-01,ili perc,2,HHS Region 9,quantile,0.025,2017-04-15,0.7721632434194863
2017-04-01,ili perc,2,HHS Region 9,quantile,0.05,2017-04-15,0.895504046933343
2017-04-01,ili perc,2,HHS Region 9,quantile,0.1,2017-04-15,1.1029015239304796
2017-04-01,ili perc,2,HHS Region 9,quantile,0.15,2017-04-15,1.2293918391009482
2017-04-01,ili perc,2,HHS Region 9,quantile,0.2,2017-04-15,1.4141028874098454
2017-04-01,ili perc,2,HHS Region 9,quantile,0.25,2017-04-15,1.5099475502238628
2017-04-01,ili perc,2,HHS Region 9,quantile,0.3,2017-04-15,1.5916577357943342
2017-04-01,ili perc,2,HHS Region 9,quantile,0.35,2017-04-15,1.6629790776080156
2017-04-01,ili perc,2,HHS Region 9,quantile,0.4,2017-04-15,1.7335535547548222
2017-04-01,ili perc,2,HHS Region 9,quantile,0.45,2017-04-15,1.8033492782557263
2017-04-01,ili perc,2,HHS Region 9,quantile,0.5,2017-04-15,1.8849814030055299
2017-04-01,ili perc,2,HHS Region 9,quantile,0.55,2017-04-15,1.9758450279285988
2017-04-01,ili perc,2,HHS Region 9,quantile,0.6,2017-04-15,2.0435436687108193
2017-04-01,ili perc,2,HHS Region 9,quantile,0.65,2017-04-15,2.116971865614555
2017-04-01,ili perc,2,HHS Region 9,quantile,0.7,2017-04-15,2.2125566256537006
2017-04-01,ili perc,2,HHS Region 9,quantile,0.75,2017-04-15,2.3448261482996013
2017-04-01,ili perc,2,HHS Region 9,quantile,0.8,2017-04-15,2.476874199438205
2017-04-01,ili perc,2,HHS Region 9,quantile,0.85,2017-04-15,2.6513149493444406
2017-04-01,ili perc,2,HHS Region 9,quantile,0.9,2017-04-15,3.039444401669974
2017-04-01,ili perc,2,HHS Region 9,quantile,0.95,2017-04-15,3.9280813114605246
2017-04-01,ili perc,2,HHS Region 9,quantile,0.975,2017-04-15,4.516328447768258
2017-04-01,ili perc,2,HHS Region 9,quantile,0.99,2017-04-15,5.128835538272481
2017-04-01,ili perc,3,HHS Region 9,quantile,0.01,2017-04-22,0.6392430741946177
2017-04-01,ili perc,3,HHS Region 9,quantile,0.025,2017-04-22,0.7346737204368856
2017-04-01,ili perc,3,HHS Region 9,quantile,0.05,2017-04-22,0.8214500146875542
2017-04-01,ili perc,3,HHS Region 9,quantile,0.1,2017-04-22,1.0389118983187207
2017-04-01,ili perc,3,HHS Region 9,quantile,0.15,2017-04-22,1.1889365042779114
2017-04-01,ili perc,3,HHS Region 9,quantile,0.2,2017-04-22,1.3451971409468881
2017-04-01,ili perc,3,HHS Region 9,quantile,0.25,2017-04-22,1.4527595691528938
2017-04-01,ili perc,3,HHS Region 9,quantile,0.3,2017-04-22,1.5585365638937287
2017-04-01,ili perc,3,HHS Region 9,quantile,0.35,2017-04-22,1.638912210635731
2017-04-01,ili perc,3,HHS Region 9,quantile,0.4,2017-04-22,1.7203750976402543
2017-04-01,ili perc,3,HHS Region 9,quantile,0.45,2017-04-22,1.7940722642751485
2017-04-01,ili perc,3,HHS Region 9,quantile,0.5,2017-04-22,1.874647479290291
2017-04-01,ili perc,3,HHS Region 9,quantile,0.55,2017-04-22,1.9464184134161273
2017-04-01,ili perc,3,HHS Region 9,quantile,0.6,2017-04-22,2.0295854178207704
2017-04-01,ili perc,3,HHS Region 9,quantile,0.65,2017-04-22,2.1117817217815844
2017-04-01,ili perc,3,HHS Region 9,quantile,0.7,2017-04-22,2.2057432372813235
2017-04-01,ili perc,3,HHS Region 9,quantile,0.75,2017-04-22,2.3053054418973953
2017-04-01,ili perc,3,HHS Region 9,quantile,0.8,2017-04-22,2.4219347055106706
2017-04-01,ili perc,3,HHS Region 9,quantile,0.85,2017-04-22,2.5934799055069324
2017-04-01,ili perc,3,HHS Region 9,quantile,0.9,2017-04-22,2.939393858065521
2017-04-01,ili perc,3,HHS Region 9,quantile,0.95,2017-04-22,3.8914832534223285
2017-04-01,ili perc,3,HHS Region 9,quantile,0.975,2017-04-22,4.471441915006966
2017-04-01,ili perc,3,HHS Region 9,quantile,0.99,2017-04-22,5.044793448082347
2017-04-01,ili perc,4,HHS Region 9,quantile,0.01,2017-04-29,0.5753755793619082
2017-04-01,ili perc,4,HHS Region 9,quantile,0.025,2017-04-29,0.6753349344745878
2017-04-01,ili perc,4,HHS Region 9,quantile,0.05,2017-04-29,0.7703917522807787
2017-04-01,ili perc,4,HHS Region 9,quantile,0.1,2017-04-29,1.01204252574717
2017-04-01,ili perc,4,HHS Region 9,quantile,0.15,2017-04-29,1.1493083543270841
2017-04-01,ili perc,4,HHS Region 9,quantile,0.2,2017-04-29,1.2688313804644742
2017-04-01,ili perc,4,HHS Region 9,quantile,0.25,2017-04-29,1.365350837305215
2017-04-01,ili perc,4,HHS Region 9,quantile,0.3,2017-04-29,1.4495394386496423
2017-04-01,ili perc,4,HHS Region 9,quantile,0.35,2017-04-29,1.5836163024640613
2017-04-01,ili perc,4,HHS Region 9,quantile,0.4,2017-04-29,1.6650985815750152
2017-04-01,ili perc,4,HHS Region 9,quantile,0.45,2017-04-29,1.745323918455501
2017-04-01,ili perc,4,HHS Region 9,quantile,0.5,2017-04-29,1.829362566439326
2017-04-01,ili perc,4,HHS Region 9,quantile,0.55,2017-04-29,1.9370595574956184
2017-04-01,ili perc,4,HHS Region 9,quantile,0.6,2017-04-29,2.0493585027191683
2017-04-01,ili perc,4,HHS Region 9,quantile,0.65,2017-04-29,2.1726378769025794
2017-04-01,ili perc,4,HHS Region 9,quantile,0.7,2017-04-29,2.2938772748294367
2017-04-01,ili perc,4,HHS Region 9,quantile,0.75,2017-04-29,2.413636179346925
2017-04-01,ili perc,4,HHS Region 9,quantile,0.8,2017-04-29,2.553817341197095
2017-04-01,ili perc,4,HHS Region 9,quantile,0.85,2017-04-29,2.7402976997775825
2017-04-01,ili perc,4,HHS Region 9,quantile,0.9,2017-04-29,3.1054986114804755
2017-04-01,ili perc,4,HHS Region 9,quantile,0.95,2017-04-29,4.016808207793106
2017-04-01,ili perc,4,HHS Region 9,quantile,0.975,2017-04-29,4.591856816812244
2017-04-01,ili perc,4,HHS Region 9,quantile,0.99,2017-04-29,5.209851719716356
2017-04-01,ili perc,1,US National,quantile,0.01,2017-04-08,1.273257653344435
2017-04-01,ili perc,1,US National,quantile,0.025,2017-04-08,1.4224275845627725
2017-04-01,ili perc,1,US National,quantile,0.05,2017-04-08,1.5066806309876402
2017-04-01,ili perc,1,US National,quantile,0.1,2017-04-08,1.6585466651079994
2017-04-01,ili perc,1,US National,quantile,0.15,2017-04-08,1.7715852663897418
2017-04-01,ili perc,1,US National,quantile,0.2,2017-04-08,1.837621397001137
2017-04-01,ili perc,1,US National,quantile,0.25,2017-04-08,1.9181679363428663
2017-04-01,ili perc,1,US National,quantile,0.3,2017-04-08,1.9883363251840533
2017-04-01,ili perc,1,US National,quantile,0.35,2017-04-08,2.0403837328607772
2017-04-01,ili perc,1,US National,quantile,0.4,2017-04-08,2.105335521596113
2017-04-01,ili perc,1,US National,quantile,0.45,2017-04-08,2.1661698078986564
2017-04-01,ili perc,1,US National,quantile,0.5,2017-04-08,2.215353382306014
2017-04-01,ili perc,1,US National,quantile,0.55,2017-04-08,2.2640313666051446
2017-04-01,ili perc,1,US National,quantile,0.6,2017-04-08,2.3184639248871575
2017-04-01,ili perc,1,US National,quantile,0.65,2017-04-08,2.3749748778369772
2017-04-01,ili perc,1,US National,quantile,0.7,2017-04-08,2.4375828542531606
2017-04-01,ili perc,1,US National,quantile,0.75,2017-04-08,2.5102874866590215
2017-04-01,ili perc,1,US National,quantile,0.8,2017-04-08,2.591932033518831
2017-04-01,ili perc,1,US National,quantile,0.85,2017-04-08,2.718875838404732
2017-04-01,ili perc,1,US National,quantile,0.9,2017-04-08,2.917287249235008
2017-04-01,ili perc,1,US National,quantile,0.95,2017-04-08,3.680091046553966
2017-04-01,ili perc,1,US National,quantile,0.975,2017-04-08,4.316788475513975
2017-04-01,ili perc,1,US National,quantile,0.99,2017-04-08,5.3457446626644165
2017-04-01,ili perc,2,US National,quantile,0.01,2017-04-15,1.06066161698688
2017-04-01,ili perc,2,US National,quantile,0.025,2017-04-15,1.2094785043627825
2017-04-01,ili perc,2,US National,quantile,0.05,2017-04-15,1.2994974632155145
2017-04-01,ili perc,2,US National,quantile,0.1,2017-04-15,1.4779205014493593
2017-04-01,ili perc,2,US National,quantile,0.15,2017-04-15,1.5751995080075336
2017-04-01,ili perc,2,US National,quantile,0.2,2017-04-15,1.6671705705452735
2017-04-01,ili perc,2,US National,quantile,0.25,2017-04-15,1.7542216364469543
2017-04-01,ili perc,2,US National,quantile,0.3,2017-04-15,1.8190475030687263
2017-04-01,ili perc,2,US National,quantile,0.35,2017-04-15,1.88123852612879
2017-04-01,ili perc,2,US National,quantile,0.4,2017-04-15,1.935584413916761
2017-04-01,ili perc,2,US National,quantile,0.45,2017-04-15,1.9944902609068489
2017-04-01,ili perc,2,US National,quantile,0.5,2017-04-15,2.0457855974378707
2017-04-01,ili perc,2,US National,quantile,0.55,2017-04-15,2.098061879680162
2017-04-01,ili perc,2,US National,quantile,0.6,2017-04-15,2.1663293897966667
2017-04-01,ili perc,2,US National,quantile,0.65,2017-04-15,2.2424805317610828
2017-04-01,ili perc,2,US National,quantile,0.7,2017-04-15,2.309818282919909
2017-04-01,ili perc,2,US National,quantile,0.75,2017-04-15,2.385694244839069
2017-04-01,ili perc,2,US National,quantile,0.8,2017-04-15,2.474761425885689
2017-04-01,ili perc,2,US National,quantile,0.85,2017-04-15,2.5818638009916905
2017-04-01,ili perc,2,US National,quantile,0.9,2017-04-15,2.8300910977320237
2017-04-01,ili perc,2,US National,quantile,0.95,2017-04-15,3.676994186856409
2017-04-01,ili perc,2,US National,quantile,0.975,2017-04-15,4.24027574135998
2017-04-01,ili perc,2,US National,quantile,0.99,2017-04-15,5.303556315671036
2017-04-01,ili perc,3,US National,quantile,0.01,2017-04-22,0.8981489633749317
2017-04-01,ili perc,3,US National,quantile,0.025,2017-04-22,1.0383425088320954
2017-04-01,ili perc,3,US National,quantile,0.05,2017-04-22,1.1365905947906003
2017-04-01,ili perc,3,US National,quantile,0.1,2017-04-22,1.3112994925111967
2017-04-01,ili perc,3,US National,quantile,0.15,2017-04-22,1.4246640052900876
2017-04-01,ili perc,3,US National,quantile,0.2,2017-04-22,1.5329907873387658
2017-04-01,ili perc,3,US National,quantile,0.25,2017-04-22,1.6167958726405045
2017-04-01,ili perc,3,US National,quantile,0.3,2017-04-22,1.6842394405999803
2017-04-01,ili perc,3,US National,quantile,0.35,2017-04-22,1.7500368387483805
2017-04-01,ili perc,3,US National,quantile,0.4,2017-04-22,1.8158764719415916
2017-04-01,ili perc,3,US National,quantile,0.45,2017-04-22,1.8792296240847146
2017-04-01,ili perc,3,US National,quantile,0.5,2017-04-22,1.941291352811016
2017-04-01,ili perc,3,US National,quantile,0.55,2017-04-22,2.0012074337849235
2017-04-01,ili perc,3,US National,quantile,0.6,2017-04-22,2.0646961821603673
2017-04-01,ili perc,3,US National,quantile,0.65,2017-04-22,2.1397773184986306
2017-04-01,ili perc,3,US National,quantile,0.7,2017-04-22,2.2159981924207512
2017-04-01,ili perc,3,US National,quantile,0.75,2017-04-22,2.2905100474188487
2017-04-01,ili perc,3,US National,quantile,0.8,2017-04-22,2.4024422004862416
2017-04-01,ili perc,3,US National,quantile,0.85,2017-04-22,2.5368464235295494
2017-04-01,ili perc,3,US National,quantile,0.9,2017-04-22,2.7960263988996443
2017-04-01,ili perc,3,US National,quantile,0.95,2017-04-22,3.681544760338903
2017-04-01,ili perc,3,US National,quantile,0.975,2017-04-22,4.279193281904269
2017-04-01,ili perc,3,US National,quantile,0.99,2017-04-22,5.404753747895349
2017-04-01,ili perc,4,US National,quantile,0.01,2017-04-29,0.7465331309214646
2017-04-01,ili perc,4,US National,quantile,0.025,2017-04-29,0.834987128390115
2017-04-01,ili perc,4,US National,quantile,0.05,2017-04-29,0.9311568399355082
2017-04-01,ili perc,4,US National,quantile,0.1,2017-04-29,1.1358972523626956
2017-04-01,ili perc,4,US National,quantile,0.15,2017-04-29,1.2707852818322498
2017-04-01,ili perc,4,US National,quantile,0.2,2017-04-29,1.3717706155754752
2017-04-01,ili perc,4,US National,quantile,0.25,2017-04-29,1.4626549649163638
2017-04-01,ili perc,4,US National,quantile,0.3,2017-04-29,1.5451358660944188
2017-04-01,ili perc,4,US National,quantile,0.35,2017-04-29,1.610167461493996
2017-04-01,ili perc,4,US National,quantile,0.4,2017-04-29,1.6810734156176306
2017-04-01,ili perc,4,US National,quantile,0.45,2017-04-29,1.7530664325323395
2017-04-01,ili perc,4,US National,quantile,0.5,2017-04-29,1.8195346139837723
2017-04-01,ili perc,4,US National,quantile,0.55,2017-04-29,1.8894620491633467
2017-04-01,ili perc,4,US National,quantile,0.6,2017-04-29,1.963648993234633
2017-04-01,ili perc,4,US National,quantile,0.65,2017-04-29,2.054809673821129
2017-04-01,ili perc,4,US National,quantile,0.7,2017-04-29,2.1311170176485574
2017-04-01,ili perc,4,US National,quantile,0.75,2017-04-29,2.2137300725534255
2017-04-01,ili perc,4,US National,quantile,0.8,2017-04-29,2.3268764802788056
2017-04-01,ili perc,4,US National,quantile,0.85,2017-04-29,2.4618453350838783
2017-04-01,ili perc,4,US National,quantile,0.9,2017-04-29,2.776152908212208
2017-04-01,ili perc,4,US National,quantile,0.95,2017-04-29,3.6812126882196448
2017-04-01,ili perc,4,US National,quantile,0.975,2017-04-29,4.277657442916625
2017-04-01,ili perc,4,US National,quantile,0.99,2017-04-29,5.295661269869801
